11
698
00000000001
00000000111
00000001100
00000010000
00000011000
00000011010
00000011100
00000011101
00000100011
00000100101
00000100110
00000101010
00000101100
00000101101
00000110000
00000110001
00000110011
00000110110
00000111000
00001000100
00001000110
00001000111
00001001010
00001001100
00001001110
00001010000
00001010010
00001010011
00001010100
00001010101
00001010110
00001011000
00001011100
00001100000
00001100010
00001100101
00001101010
00001101101
00001110000
00001110100
00001110111
00001111001
00001111101
00010000011
00010000100
00010000110
00010000111
00010001010
00010001100
00010001110
00010010000
00010011001
00010011111
00010100010
00010100011
00010100100
00010100111
00010101010
00010101111
00010110010
00010110011
00010110101
00010110110
00010111000
00010111010
00010111011
00010111101
00011000010
00011000100
00011001100
00011001101
00011001111
00011010000
00011010110
00011010111
00011011010
00011011011
00011100001
00011100010
00011100100
00011100101
00011100111
00011101001
00011101010
00011101100
00011110011
00011111001
00011111010
00011111100
00011111110
00100000010
00100000100
00100001001
00100001010
00100001011
00100001101
00100001110
00100010000
00100010010
00100011000
00100011100
00100100010
00100100101
00100100111
00100101000
00100101001
00100101011
00100101111
00100110001
00100110100
00100110111
00100111000
00100111100
00100111101
00100111110
00101000001
00101000101
00101001011
00101010101
00101010110
00101011010
00101011100
00101100001
00101100011
00101100101
00101100111
00101101001
00101101101
00101101110
00101110000
00101110010
00101111010
00110000011
00110001000
00110001001
00110001011
00110011001
00110011110
00110100000
00110100001
00110101010
00110101111
00110110011
00110110110
00110110111
00110111001
00110111011
00110111100
00110111101
00110111110
00110111111
00111000001
00111000100
00111000101
00111001010
00111001100
00111001111
00111010001
00111010010
00111010011
00111010100
00111011000
00111011010
00111011100
00111011101
00111100010
00111100100
00111100110
00111101101
00111110001
00111110110
00111110111
00111111001
00111111100
00111111110
00111111111
01000000000
01000000010
01000000110
01000000111
01000001000
01000001100
01000001110
01000001111
01000010110
01000011000
01000011001
01000011010
01000011011
01000100001
01000100111
01000101000
01000101001
01000101101
01000110000
01000110001
01000111000
01000111001
01001000010
01001000101
01001001001
01001001100
01001001110
01001001111
01001010000
01001010001
01001011001
01001011010
01001011011
01001011110
01001011111
01001100001
01001100010
01001100100
01001100111
01001101011
01001101111
01001110100
01001110101
01001110110
01001110111
01001111001
01001111010
01001111011
01001111101
01001111110
01010000001
01010000010
01010000110
01010000111
01010001001
01010001110
01010001111
01010010100
01010010110
01010011011
01010011111
01010100000
01010100011
01010100100
01010100110
01010100111
01010101001
01010101010
01010101011
01010101101
01010101110
01010110010
01010110011
01010110110
01010110111
01010111010
01011000001
01011000110
01011000111
01011001100
01011001110
01011010001
01011011010
01011011101
01011100000
01011100011
01011101001
01011101011
01011101111
01011110011
01011110101
01011110110
01011111000
01011111001
01011111110
01011111111
01100000110
01100001000
01100001001
01100001010
01100001101
01100001110
01100010011
01100010101
01100011110
01100100010
01100101000
01100101010
01100110001
01100110010
01100110111
01100111000
01100111001
01100111011
01100111100
01101000000
01101000011
01101000101
01101001000
01101001010
01101001100
01101010001
01101010010
01101010110
01101011001
01101100000
01101100110
01101100111
01101101011
01101101101
01101101110
01101110010
01101110101
01101111010
01101111101
01101111111
01110000000
01110000001
01110000010
01110001001
01110001010
01110001101
01110001110
01110010010
01110011000
01110011001
01110011010
01110011011
01110100101
01110101101
01110101110
01110110101
01110111001
01110111010
01110111100
01110111110
01111000000
01111000011
01111001100
01111001111
01111010101
01111010111
01111011001
01111011100
01111011111
01111100110
01111101011
01111110010
01111110011
01111110101
01111110110
01111110111
01111111010
01111111011
01111111111
10000000000
10000000001
10000001000
10000001001
10000001100
10000010011
10000011000
10000011110
10000100000
10000100010
10000100101
10000100110
10000101001
10000101100
10000110101
10000110110
10000111000
10001000000
10001000101
10001000110
10001000111
10001001000
10001001001
10001001011
10001001111
10001010011
10001010100
10001010101
10001011011
10001011101
10001011110
10001100011
10001100100
10001100101
10001100110
10001101101
10001110011
10001110101
10001110110
10001111011
10001111101
10001111111
10010000000
10010000011
10010000100
10010000101
10010000111
10010001001
10010010000
10010010010
10010010100
10010010110
10010011101
10010011110
10010011111
10010100000
10010100010
10010101000
10010101011
10010101111
10010110001
10010110010
10010110101
10010111100
10011000000
10011000001
10011001001
10011001100
10011010100
10011010111
10011011001
10011011010
10011011100
10011100000
10011100010
10011100101
10011101100
10011101101
10011110000
10011110011
10011110101
10011110110
10011111000
10011111001
10011111011
10011111100
10011111101
10011111110
10011111111
10100000100
10100001001
10100001110
10100010001
10100010010
10100010100
10100010101
10100011010
10100011011
10100011101
10100011110
10100100000
10100100101
10100100110
10100101010
10100101101
10100101110
10100110010
10100110011
10100110101
10100111000
10100111001
10100111011
10100111100
10101000000
10101000110
10101001101
10101001110
10101010101
10101010111
10101011010
10101011011
10101100000
10101100010
10101100011
10101100100
10101100101
10101100110
10101100111
10101101001
10101101011
10101101100
10101101110
10101101111
10101110000
10101110011
10101110100
10101110101
10110000000
10110000111
10110001010
10110001011
10110001101
10110001111
10110011001
10110011100
10110100100
10110100101
10110101001
10110101100
10110110100
10110110111
10110111001
10110111010
10110111100
10110111110
10110111111
10111000001
10111000110
10111000111
10111001001
10111001101
10111010001
10111010011
10111010111
10111011010
10111011011
10111011100
10111100001
10111100101
10111100111
10111101000
10111101001
10111101100
10111110000
10111110100
10111110111
10111111011
10111111100
10111111101
11000000000
11000000001
11000000011
11000000110
11000001000
11000001100
11000010001
11000010010
11000010011
11000010111
11000011001
11000011101
11000100000
11000100010
11000100011
11000100100
11000100110
11000100111
11000101000
11000101001
11000110110
11000110111
11000111100
11000111110
11000111111
11001000100
11001001000
11001001111
11001010000
11001010001
11001011000
11001011001
11001011010
11001100001
11001100011
11001100110
11001100111
11001101000
11001101001
11001101101
11001101111
11001110111
11010000001
11010000010
11010000011
11010000101
11010001100
11010010000
11010010011
11010011000
11010011011
11010011100
11010011101
11010011110
11010100010
11010100111
11010101000
11010101001
11010101010
11010101100
11010101110
11010110011
11010110111
11010111000
11010111001
11010111010
11010111101
11010111110
11011000010
11011001000
11011010001
11011010011
11011100010
11011100100
11011100110
11011100111
11011101101
11011101110
11011110000
11011110001
11011110011
11011110101
11011111100
11011111111
11100000100
11100001011
11100001100
11100001110
11100010001
11100010010
11100010110
11100010111
11100100001
11100100100
11100100111
11100101010
11100101011
11100101111
11100110000
11100110011
11100110101
11100111010
11100111101
11100111110
11100111111
11101000010
11101001000
11101001001
11101001010
11101001101
11101010000
11101010011
11101010100
11101011001
11101011101
11101011110
11101011111
11101100000
11101100010
11101100011
11101100100
11101100110
11101100111
11101110001
11101110011
11101111010
11101111011
11101111100
11101111110
11110000001
11110001101
11110010000
11110010001
11110010010
11110010110
11110011010
11110011100
11110100100
11110100110
11110101011
11110110001
11110110010
11110110011
11110110100
11110111010
11110111011
11110111101
11110111110
11110111111
11111000001
11111000100
11111001010
11111001011
11111010001
11111010010
11111011010
11111011110
11111011111
11111100001
11111100011
11111101011
11111101111
11111110000
11111110010
11111110110
11111110111
11111111000
11111111101
