(160, 440)的顏色 : ((231, 231, 231))
(161, 440)的顏色 : ((227, 227, 227))
(162, 440)的顏色 : ((224, 224, 224))
(163, 440)的顏色 : ((220, 220, 220))
(164, 440)的顏色 : ((217, 217, 217))
(165, 440)的顏色 : ((213, 213, 213))
(166, 440)的顏色 : ((209, 209, 209))
(167, 440)的顏色 : ((204, 204, 204))
(168, 440)的顏色 : ((201, 201, 201))
(169, 440)的顏色 : ((196, 196, 196))
(170, 440)的顏色 : ((162, 162, 162))
(171, 440)的顏色 : ((24, 24, 24))
(172, 440)的顏色 : ((24, 24, 24))
(173, 440)的顏色 : ((24, 24, 24))
(174, 440)的顏色 : ((24, 24, 24))
(175, 440)的顏色 : ((24, 24, 24))
(176, 440)的顏色 : ((24, 24, 24))
(177, 440)的顏色 : ((24, 24, 24))
(178, 440)的顏色 : ((24, 24, 24))
(179, 440)的顏色 : ((24, 24, 24))
(180, 440)的顏色 : ((24, 24, 24))
(181, 440)的顏色 : ((24, 24, 24))
(182, 440)的顏色 : ((24, 24, 24))
(183, 440)的顏色 : ((24, 24, 24))
(184, 440)的顏色 : ((24, 24, 24))
(185, 440)的顏色 : ((24, 24, 24))
(186, 440)的顏色 : ((24, 24, 24))
(187, 440)的顏色 : ((24, 24, 24))
(188, 440)的顏色 : ((24, 24, 24))
(189, 440)的顏色 : ((24, 24, 24))
(190, 440)的顏色 : ((24, 24, 24))
(191, 440)的顏色 : ((24, 24, 24))
(192, 440)的顏色 : ((24, 24, 24))
(193, 440)的顏色 : ((24, 24, 24))
(194, 440)的顏色 : ((24, 24, 24))
(195, 440)的顏色 : ((24, 24, 24))
(196, 440)的顏色 : ((24, 24, 24))
(197, 440)的顏色 : ((24, 24, 24))
(198, 440)的顏色 : ((24, 24, 24))
(199, 440)的顏色 : ((24, 24, 24))
(200, 440)的顏色 : ((24, 24, 24))
(201, 440)的顏色 : ((24, 24, 24))
(202, 440)的顏色 : ((24, 24, 24))
(203, 440)的顏色 : ((24, 24, 24))
(204, 440)的顏色 : ((24, 24, 24))
(205, 440)的顏色 : ((24, 24, 24))
(206, 440)的顏色 : ((24, 24, 24))
(207, 440)的顏色 : ((24, 24, 24))
(208, 440)的顏色 : ((24, 24, 24))
(209, 440)的顏色 : ((24, 24, 24))
(210, 440)的顏色 : ((24, 24, 24))
(211, 440)的顏色 : ((24, 24, 24))
(212, 440)的顏色 : ((24, 24, 24))
(213, 440)的顏色 : ((24, 24, 24))
(214, 440)的顏色 : ((24, 24, 24))
(215, 440)的顏色 : ((24, 24, 24))
(216, 440)的顏色 : ((24, 24, 24))
(217, 440)的顏色 : ((24, 24, 24))
(218, 440)的顏色 : ((24, 24, 24))
(219, 440)的顏色 : ((24, 24, 24))
(220, 440)的顏色 : ((24, 24, 24))
(221, 440)的顏色 : ((24, 24, 24))
(222, 440)的顏色 : ((24, 24, 24))
(223, 440)的顏色 : ((24, 24, 24))
(224, 440)的顏色 : ((24, 24, 24))
(225, 440)的顏色 : ((24, 24, 24))
(226, 440)的顏色 : ((24, 24, 24))
(227, 440)的顏色 : ((24, 24, 24))
(228, 440)的顏色 : ((24, 24, 24))
(229, 440)的顏色 : ((43, 43, 43))
(230, 440)的顏色 : ((24, 24, 24))
(231, 440)的顏色 : ((24, 24, 24))
(232, 440)的顏色 : ((24, 24, 24))
(233, 440)的顏色 : ((24, 24, 24))
(234, 440)的顏色 : ((24, 24, 24))
(235, 440)的顏色 : ((24, 24, 24))
(236, 440)的顏色 : ((24, 24, 24))
(237, 440)的顏色 : ((24, 24, 24))
(238, 440)的顏色 : ((24, 24, 24))
(239, 440)的顏色 : ((24, 24, 24))
(240, 440)的顏色 : ((24, 24, 24))
(241, 440)的顏色 : ((24, 24, 24))
(242, 440)的顏色 : ((24, 24, 24))
(243, 440)的顏色 : ((24, 24, 24))
(244, 440)的顏色 : ((24, 24, 24))
(245, 440)的顏色 : ((24, 24, 24))
(246, 440)的顏色 : ((24, 24, 24))
(247, 440)的顏色 : ((24, 24, 24))
(248, 440)的顏色 : ((24, 24, 24))
(249, 440)的顏色 : ((24, 24, 24))
(250, 440)的顏色 : ((24, 24, 24))
(251, 440)的顏色 : ((24, 24, 24))
(252, 440)的顏色 : ((24, 24, 24))
(253, 440)的顏色 : ((24, 24, 24))
(254, 440)的顏色 : ((24, 24, 24))
(255, 440)的顏色 : ((24, 24, 24))
(256, 440)的顏色 : ((24, 24, 24))
(257, 440)的顏色 : ((24, 24, 24))
(258, 440)的顏色 : ((24, 24, 24))
(259, 440)的顏色 : ((24, 24, 24))
(260, 440)的顏色 : ((24, 24, 24))
(261, 440)的顏色 : ((24, 24, 24))
(262, 440)的顏色 : ((24, 24, 24))
(263, 440)的顏色 : ((24, 24, 24))
(264, 440)的顏色 : ((24, 24, 24))
(265, 440)的顏色 : ((24, 24, 24))
(266, 440)的顏色 : ((24, 24, 24))
(267, 440)的顏色 : ((24, 24, 24))
(268, 440)的顏色 : ((24, 24, 24))
(269, 440)的顏色 : ((24, 24, 24))
(270, 440)的顏色 : ((24, 24, 24))
(271, 440)的顏色 : ((24, 24, 24))
(272, 440)的顏色 : ((24, 24, 24))
(273, 440)的顏色 : ((24, 24, 24))
(274, 440)的顏色 : ((24, 24, 24))
(275, 440)的顏色 : ((24, 24, 24))
(276, 440)的顏色 : ((24, 24, 24))
(277, 440)的顏色 : ((24, 24, 24))
(278, 440)的顏色 : ((24, 24, 24))
(279, 440)的顏色 : ((24, 24, 24))
(280, 440)的顏色 : ((24, 24, 24))
(281, 440)的顏色 : ((24, 24, 24))
(282, 440)的顏色 : ((24, 24, 24))
(283, 440)的顏色 : ((24, 24, 24))
(284, 440)的顏色 : ((24, 24, 24))
(285, 440)的顏色 : ((24, 24, 24))
(286, 440)的顏色 : ((24, 24, 24))
(287, 440)的顏色 : ((24, 24, 24))
(288, 440)的顏色 : ((24, 24, 24))
(289, 440)的顏色 : ((24, 24, 24))
(290, 440)的顏色 : ((24, 24, 24))
(291, 440)的顏色 : ((24, 24, 24))
(292, 440)的顏色 : ((24, 24, 24))
(293, 440)的顏色 : ((24, 24, 24))
(294, 440)的顏色 : ((24, 24, 24))
(295, 440)的顏色 : ((24, 24, 24))
(296, 440)的顏色 : ((24, 24, 24))
(297, 440)的顏色 : ((24, 24, 24))
(298, 440)的顏色 : ((24, 24, 24))
(299, 440)的顏色 : ((24, 24, 24))
(300, 440)的顏色 : ((24, 24, 24))
(301, 440)的顏色 : ((24, 24, 24))
(302, 440)的顏色 : ((24, 24, 24))
(303, 440)的顏色 : ((24, 24, 24))
(304, 440)的顏色 : ((24, 24, 24))
(305, 440)的顏色 : ((24, 24, 24))
(306, 440)的顏色 : ((24, 24, 24))
(307, 440)的顏色 : ((24, 24, 24))
(308, 440)的顏色 : ((24, 24, 24))
(309, 440)的顏色 : ((24, 24, 24))
(310, 440)的顏色 : ((24, 24, 24))
(311, 440)的顏色 : ((24, 24, 24))
(312, 440)的顏色 : ((24, 24, 24))
(313, 440)的顏色 : ((24, 24, 24))
(314, 440)的顏色 : ((24, 24, 24))
(315, 440)的顏色 : ((24, 24, 24))
(316, 440)的顏色 : ((24, 24, 24))
(317, 440)的顏色 : ((24, 24, 24))
(318, 440)的顏色 : ((24, 24, 24))
(319, 440)的顏色 : ((24, 24, 24))
(320, 440)的顏色 : ((24, 24, 24))
(321, 440)的顏色 : ((24, 24, 24))
(322, 440)的顏色 : ((24, 24, 24))
(323, 440)的顏色 : ((24, 24, 24))
(324, 440)的顏色 : ((24, 24, 24))
(325, 440)的顏色 : ((24, 24, 24))
(326, 440)的顏色 : ((24, 24, 24))
(327, 440)的顏色 : ((24, 24, 24))
(328, 440)的顏色 : ((24, 24, 24))
(329, 440)的顏色 : ((24, 24, 24))
(330, 440)的顏色 : ((24, 24, 24))
(331, 440)的顏色 : ((24, 24, 24))
(332, 440)的顏色 : ((24, 24, 24))
(333, 440)的顏色 : ((24, 24, 24))
(334, 440)的顏色 : ((24, 24, 24))
(335, 440)的顏色 : ((24, 24, 24))
(336, 440)的顏色 : ((24, 24, 24))
(337, 440)的顏色 : ((24, 24, 24))
(338, 440)的顏色 : ((24, 24, 24))
(339, 440)的顏色 : ((24, 24, 24))
(340, 440)的顏色 : ((24, 24, 24))
(341, 440)的顏色 : ((24, 24, 24))
(342, 440)的顏色 : ((24, 24, 24))
(343, 440)的顏色 : ((24, 24, 24))
(344, 440)的顏色 : ((24, 24, 24))
(345, 440)的顏色 : ((24, 24, 24))
(346, 440)的顏色 : ((24, 24, 24))
(347, 440)的顏色 : ((24, 24, 24))
(348, 440)的顏色 : ((24, 24, 24))
(349, 440)的顏色 : ((24, 24, 24))
(350, 440)的顏色 : ((24, 24, 24))
(351, 440)的顏色 : ((24, 24, 24))
(352, 440)的顏色 : ((24, 24, 24))
(353, 440)的顏色 : ((24, 24, 24))
(354, 440)的顏色 : ((24, 24, 24))
(355, 440)的顏色 : ((24, 24, 24))
(356, 440)的顏色 : ((24, 24, 24))
(357, 440)的顏色 : ((24, 24, 24))
(358, 440)的顏色 : ((24, 24, 24))
(359, 440)的顏色 : ((24, 24, 24))
(360, 440)的顏色 : ((24, 24, 24))
(361, 440)的顏色 : ((24, 24, 24))
(362, 440)的顏色 : ((24, 24, 24))
(363, 440)的顏色 : ((24, 24, 24))
(364, 440)的顏色 : ((24, 24, 24))
(365, 440)的顏色 : ((24, 24, 24))
(366, 440)的顏色 : ((24, 24, 24))
(367, 440)的顏色 : ((24, 24, 24))
(368, 440)的顏色 : ((24, 24, 24))
(369, 440)的顏色 : ((24, 24, 24))
(370, 440)的顏色 : ((24, 24, 24))
(371, 440)的顏色 : ((24, 24, 24))
(372, 440)的顏色 : ((24, 24, 24))
(373, 440)的顏色 : ((24, 24, 24))
(374, 440)的顏色 : ((24, 24, 24))
(375, 440)的顏色 : ((24, 24, 24))
(376, 440)的顏色 : ((24, 24, 24))
(377, 440)的顏色 : ((24, 24, 24))
(378, 440)的顏色 : ((24, 24, 24))
(379, 440)的顏色 : ((24, 24, 24))
(380, 440)的顏色 : ((24, 24, 24))
(381, 440)的顏色 : ((24, 24, 24))
(382, 440)的顏色 : ((24, 24, 24))
(383, 440)的顏色 : ((24, 24, 24))
(384, 440)的顏色 : ((24, 24, 24))
(385, 440)的顏色 : ((24, 24, 24))
(386, 440)的顏色 : ((24, 24, 24))
(387, 440)的顏色 : ((24, 24, 24))
(388, 440)的顏色 : ((24, 24, 24))
(389, 440)的顏色 : ((24, 24, 24))
(390, 440)的顏色 : ((24, 24, 24))
(391, 440)的顏色 : ((24, 24, 24))
(392, 440)的顏色 : ((24, 24, 24))
(393, 440)的顏色 : ((24, 24, 24))
(394, 440)的顏色 : ((24, 24, 24))
(395, 440)的顏色 : ((24, 24, 24))
(396, 440)的顏色 : ((24, 24, 24))
(397, 440)的顏色 : ((24, 24, 24))
(398, 440)的顏色 : ((24, 24, 24))
(399, 440)的顏色 : ((24, 24, 24))
(400, 440)的顏色 : ((24, 24, 24))
(401, 440)的顏色 : ((24, 24, 24))
(402, 440)的顏色 : ((24, 24, 24))
(403, 440)的顏色 : ((24, 24, 24))
(404, 440)的顏色 : ((24, 24, 24))
(405, 440)的顏色 : ((24, 24, 24))
(406, 440)的顏色 : ((24, 24, 24))
(407, 440)的顏色 : ((24, 24, 24))
(408, 440)的顏色 : ((24, 24, 24))
(409, 440)的顏色 : ((24, 24, 24))
(410, 440)的顏色 : ((24, 24, 24))
(411, 440)的顏色 : ((24, 24, 24))
(412, 440)的顏色 : ((24, 24, 24))
(413, 440)的顏色 : ((24, 24, 24))
(414, 440)的顏色 : ((24, 24, 24))
(415, 440)的顏色 : ((24, 24, 24))
(416, 440)的顏色 : ((24, 24, 24))
(417, 440)的顏色 : ((24, 24, 24))
(418, 440)的顏色 : ((24, 24, 24))
(419, 440)的顏色 : ((24, 24, 24))
(420, 440)的顏色 : ((24, 24, 24))
(421, 440)的顏色 : ((24, 24, 24))
(422, 440)的顏色 : ((24, 24, 24))
(423, 440)的顏色 : ((24, 24, 24))
(424, 440)的顏色 : ((24, 24, 24))
(425, 440)的顏色 : ((24, 24, 24))
(426, 440)的顏色 : ((24, 24, 24))
(427, 440)的顏色 : ((24, 24, 24))
(428, 440)的顏色 : ((24, 24, 24))
(429, 440)的顏色 : ((24, 24, 24))
(430, 440)的顏色 : ((24, 24, 24))
(431, 440)的顏色 : ((24, 24, 24))
(432, 440)的顏色 : ((24, 24, 24))
(433, 440)的顏色 : ((24, 24, 24))
(434, 440)的顏色 : ((24, 24, 24))
(435, 440)的顏色 : ((24, 24, 24))
(436, 440)的顏色 : ((24, 24, 24))
(437, 440)的顏色 : ((24, 24, 24))
(438, 440)的顏色 : ((24, 24, 24))
(439, 440)的顏色 : ((24, 24, 24))
(440, 440)的顏色 : ((24, 24, 24))
(441, 440)的顏色 : ((24, 24, 24))
(442, 440)的顏色 : ((24, 24, 24))
(443, 440)的顏色 : ((24, 24, 24))
(444, 440)的顏色 : ((24, 24, 24))
(445, 440)的顏色 : ((24, 24, 24))
(446, 440)的顏色 : ((24, 24, 24))
(447, 440)的顏色 : ((24, 24, 24))
(448, 440)的顏色 : ((24, 24, 24))
(449, 440)的顏色 : ((24, 24, 24))
(450, 440)的顏色 : ((24, 24, 24))
(451, 440)的顏色 : ((24, 24, 24))
(452, 440)的顏色 : ((24, 24, 24))
(453, 440)的顏色 : ((24, 24, 24))
(454, 440)的顏色 : ((24, 24, 24))
(455, 440)的顏色 : ((24, 24, 24))
(456, 440)的顏色 : ((24, 24, 24))
(457, 440)的顏色 : ((24, 24, 24))
(458, 440)的顏色 : ((24, 24, 24))
(459, 440)的顏色 : ((24, 24, 24))
(460, 440)的顏色 : ((24, 24, 24))
(461, 440)的顏色 : ((24, 24, 24))
(462, 440)的顏色 : ((24, 24, 24))
(463, 440)的顏色 : ((24, 24, 24))
(464, 440)的顏色 : ((24, 24, 24))
(465, 440)的顏色 : ((24, 24, 24))
(466, 440)的顏色 : ((24, 24, 24))
(467, 440)的顏色 : ((24, 24, 24))
(468, 440)的顏色 : ((24, 24, 24))
(469, 440)的顏色 : ((24, 24, 24))
(470, 440)的顏色 : ((24, 24, 24))
(471, 440)的顏色 : ((24, 24, 24))
(472, 440)的顏色 : ((24, 24, 24))
(473, 440)的顏色 : ((24, 24, 24))
(474, 440)的顏色 : ((24, 24, 24))
(475, 440)的顏色 : ((24, 24, 24))
(476, 440)的顏色 : ((24, 24, 24))
(477, 440)的顏色 : ((24, 24, 24))
(478, 440)的顏色 : ((24, 24, 24))
(479, 440)的顏色 : ((24, 24, 24))
(480, 440)的顏色 : ((24, 24, 24))
(481, 440)的顏色 : ((24, 24, 24))
(482, 440)的顏色 : ((24, 24, 24))
(483, 440)的顏色 : ((24, 24, 24))
(484, 440)的顏色 : ((24, 24, 24))
(485, 440)的顏色 : ((24, 24, 24))
(486, 440)的顏色 : ((24, 24, 24))
(487, 440)的顏色 : ((24, 24, 24))
(488, 440)的顏色 : ((24, 24, 24))
(489, 440)的顏色 : ((24, 24, 24))
(490, 440)的顏色 : ((24, 24, 24))
(491, 440)的顏色 : ((24, 24, 24))
(492, 440)的顏色 : ((24, 24, 24))
(493, 440)的顏色 : ((24, 24, 24))
(494, 440)的顏色 : ((24, 24, 24))
(495, 440)的顏色 : ((24, 24, 24))
(496, 440)的顏色 : ((24, 24, 24))
(497, 440)的顏色 : ((24, 24, 24))
(498, 440)的顏色 : ((24, 24, 24))
(499, 440)的顏色 : ((24, 24, 24))
(500, 440)的顏色 : ((24, 24, 24))
(501, 440)的顏色 : ((24, 24, 24))
(502, 440)的顏色 : ((24, 24, 24))
(503, 440)的顏色 : ((24, 24, 24))
(504, 440)的顏色 : ((24, 24, 24))
(505, 440)的顏色 : ((24, 24, 24))
(506, 440)的顏色 : ((24, 24, 24))
(507, 440)的顏色 : ((43, 43, 43))
(508, 440)的顏色 : ((31, 31, 31))
(509, 440)的顏色 : ((31, 31, 31))
(510, 440)的顏色 : ((31, 31, 31))
(511, 440)的顏色 : ((31, 31, 31))
(512, 440)的顏色 : ((31, 31, 31))
(513, 440)的顏色 : ((31, 31, 31))
(514, 440)的顏色 : ((31, 31, 31))
(515, 440)的顏色 : ((31, 31, 31))
(516, 440)的顏色 : ((31, 31, 31))
(517, 440)的顏色 : ((31, 31, 31))
(518, 440)的顏色 : ((31, 31, 31))
(519, 440)的顏色 : ((31, 31, 31))
(520, 440)的顏色 : ((31, 31, 31))
(521, 440)的顏色 : ((31, 31, 31))
(522, 440)的顏色 : ((31, 31, 31))
(523, 440)的顏色 : ((31, 31, 31))
(524, 440)的顏色 : ((31, 31, 31))
(525, 440)的顏色 : ((31, 31, 31))
(526, 440)的顏色 : ((31, 31, 31))
(527, 440)的顏色 : ((31, 31, 31))
(528, 440)的顏色 : ((31, 31, 31))
(529, 440)的顏色 : ((31, 31, 31))
(530, 440)的顏色 : ((31, 31, 31))
(531, 440)的顏色 : ((31, 31, 31))
(532, 440)的顏色 : ((31, 31, 31))
(533, 440)的顏色 : ((31, 31, 31))
(534, 440)的顏色 : ((31, 31, 31))
(535, 440)的顏色 : ((31, 31, 31))
(536, 440)的顏色 : ((31, 31, 31))
(537, 440)的顏色 : ((31, 31, 31))
(538, 440)的顏色 : ((31, 31, 31))
(539, 440)的顏色 : ((31, 31, 31))
(540, 440)的顏色 : ((31, 31, 31))
(541, 440)的顏色 : ((31, 31, 31))
(542, 440)的顏色 : ((31, 31, 31))
(543, 440)的顏色 : ((31, 31, 31))
(544, 440)的顏色 : ((31, 31, 31))
(545, 440)的顏色 : ((31, 31, 31))
(546, 440)的顏色 : ((31, 31, 31))
(547, 440)的顏色 : ((31, 31, 31))
(548, 440)的顏色 : ((31, 31, 31))
(549, 440)的顏色 : ((31, 31, 31))
(550, 440)的顏色 : ((31, 31, 31))
(551, 440)的顏色 : ((31, 31, 31))
(552, 440)的顏色 : ((31, 31, 31))
(553, 440)的顏色 : ((31, 31, 31))
(554, 440)的顏色 : ((31, 31, 31))
(555, 440)的顏色 : ((31, 31, 31))
(556, 440)的顏色 : ((31, 31, 31))
(557, 440)的顏色 : ((31, 31, 31))
(558, 440)的顏色 : ((31, 31, 31))
(559, 440)的顏色 : ((31, 31, 31))
(560, 440)的顏色 : ((31, 31, 31))
(561, 440)的顏色 : ((31, 31, 31))
(562, 440)的顏色 : ((31, 31, 31))
(563, 440)的顏色 : ((31, 31, 31))
(564, 440)的顏色 : ((31, 31, 31))
(565, 440)的顏色 : ((31, 31, 31))
(566, 440)的顏色 : ((31, 31, 31))
(567, 440)的顏色 : ((82, 157, 78))
(568, 440)的顏色 : ((82, 157, 78))
(569, 440)的顏色 : ((82, 157, 78))
(570, 440)的顏色 : ((31, 31, 31))
(571, 440)的顏色 : ((31, 31, 31))
(572, 440)的顏色 : ((31, 31, 31))
(573, 440)的顏色 : ((31, 31, 31))
(574, 440)的顏色 : ((31, 31, 31))
(575, 440)的顏色 : ((31, 31, 31))
(576, 440)的顏色 : ((31, 31, 31))
(577, 440)的顏色 : ((31, 31, 31))
(578, 440)的顏色 : ((31, 31, 31))
(579, 440)的顏色 : ((31, 31, 31))
(580, 440)的顏色 : ((31, 31, 31))
(581, 440)的顏色 : ((31, 31, 31))
(582, 440)的顏色 : ((31, 31, 31))
(583, 440)的顏色 : ((31, 31, 31))
(584, 440)的顏色 : ((31, 31, 31))
(585, 440)的顏色 : ((31, 31, 31))
(586, 440)的顏色 : ((31, 31, 31))
(587, 440)的顏色 : ((31, 31, 31))
(588, 440)的顏色 : ((31, 31, 31))
(589, 440)的顏色 : ((31, 31, 31))
(590, 440)的顏色 : ((31, 31, 31))
(591, 440)的顏色 : ((31, 31, 31))
(592, 440)的顏色 : ((31, 31, 31))
(593, 440)的顏色 : ((112, 112, 112))
(594, 440)的顏色 : ((51, 51, 51))
(595, 440)的顏色 : ((31, 31, 31))
(596, 440)的顏色 : ((31, 31, 31))
(597, 440)的顏色 : ((31, 31, 31))
(598, 440)的顏色 : ((31, 31, 31))
(599, 440)的顏色 : ((31, 31, 31))
(600, 440)的顏色 : ((31, 31, 31))
(601, 440)的顏色 : ((31, 31, 31))
(602, 440)的顏色 : ((31, 31, 31))
(603, 440)的顏色 : ((31, 31, 31))
(604, 440)的顏色 : ((31, 31, 31))
(605, 440)的顏色 : ((31, 31, 31))
(606, 440)的顏色 : ((31, 31, 31))
(607, 440)的顏色 : ((31, 31, 31))
(608, 440)的顏色 : ((31, 31, 31))
(609, 440)的顏色 : ((31, 31, 31))
(610, 440)的顏色 : ((31, 31, 31))
(611, 440)的顏色 : ((31, 31, 31))
(612, 440)的顏色 : ((31, 31, 31))
(613, 440)的顏色 : ((31, 31, 31))
(614, 440)的顏色 : ((31, 31, 31))
(615, 440)的顏色 : ((31, 31, 31))
(616, 440)的顏色 : ((31, 31, 31))
(617, 440)的顏色 : ((31, 31, 31))
(618, 440)的顏色 : ((31, 31, 31))
(619, 440)的顏色 : ((31, 31, 31))
(620, 440)的顏色 : ((31, 31, 31))
(621, 440)的顏色 : ((31, 31, 31))
(622, 440)的顏色 : ((31, 31, 31))
(623, 440)的顏色 : ((31, 31, 31))
(624, 440)的顏色 : ((31, 31, 31))
(625, 440)的顏色 : ((31, 31, 31))
(626, 440)的顏色 : ((31, 31, 31))
(627, 440)的顏色 : ((31, 31, 31))
(628, 440)的顏色 : ((31, 31, 31))
(629, 440)的顏色 : ((31, 31, 31))
(630, 440)的顏色 : ((31, 31, 31))
(631, 440)的顏色 : ((31, 31, 31))
(632, 440)的顏色 : ((31, 31, 31))
(633, 440)的顏色 : ((31, 31, 31))
(634, 440)的顏色 : ((31, 31, 31))
(635, 440)的顏色 : ((31, 31, 31))
(636, 440)的顏色 : ((31, 31, 31))
(637, 440)的顏色 : ((31, 31, 31))
(638, 440)的顏色 : ((31, 31, 31))
(639, 440)的顏色 : ((31, 31, 31))
(640, 440)的顏色 : ((31, 31, 31))
(641, 440)的顏色 : ((31, 31, 31))
(642, 440)的顏色 : ((31, 31, 31))
(643, 440)的顏色 : ((31, 31, 31))
(644, 440)的顏色 : ((31, 31, 31))
(645, 440)的顏色 : ((31, 31, 31))
(646, 440)的顏色 : ((31, 31, 31))
(647, 440)的顏色 : ((31, 31, 31))
(648, 440)的顏色 : ((31, 31, 31))
(649, 440)的顏色 : ((31, 31, 31))
(650, 440)的顏色 : ((31, 31, 31))
(651, 440)的顏色 : ((31, 31, 31))
(652, 440)的顏色 : ((31, 31, 31))
(653, 440)的顏色 : ((31, 31, 31))
(654, 440)的顏色 : ((31, 31, 31))
(655, 440)的顏色 : ((31, 31, 31))
(656, 440)的顏色 : ((31, 31, 31))
(657, 440)的顏色 : ((31, 31, 31))
(658, 440)的顏色 : ((31, 31, 31))
(659, 440)的顏色 : ((31, 31, 31))
(660, 440)的顏色 : ((31, 31, 31))
(661, 440)的顏色 : ((31, 31, 31))
(662, 440)的顏色 : ((31, 31, 31))
(663, 440)的顏色 : ((31, 31, 31))
(664, 440)的顏色 : ((31, 31, 31))
(665, 440)的顏色 : ((31, 31, 31))
(666, 440)的顏色 : ((31, 31, 31))
(667, 440)的顏色 : ((31, 31, 31))
(668, 440)的顏色 : ((31, 31, 31))
(669, 440)的顏色 : ((31, 31, 31))
(670, 440)的顏色 : ((31, 31, 31))
(671, 440)的顏色 : ((31, 31, 31))
(672, 440)的顏色 : ((31, 31, 31))
(673, 440)的顏色 : ((31, 31, 31))
(674, 440)的顏色 : ((31, 31, 31))
(675, 440)的顏色 : ((31, 31, 31))
(676, 440)的顏色 : ((31, 31, 31))
(677, 440)的顏色 : ((31, 31, 31))
(678, 440)的顏色 : ((31, 31, 31))
(679, 440)的顏色 : ((31, 31, 31))
(680, 440)的顏色 : ((31, 31, 31))
(681, 440)的顏色 : ((31, 31, 31))
(682, 440)的顏色 : ((31, 31, 31))
(683, 440)的顏色 : ((31, 31, 31))
(684, 440)的顏色 : ((31, 31, 31))
(685, 440)的顏色 : ((31, 31, 31))
(686, 440)的顏色 : ((31, 31, 31))
(687, 440)的顏色 : ((31, 31, 31))
(688, 440)的顏色 : ((31, 31, 31))
(689, 440)的顏色 : ((31, 31, 31))
(690, 440)的顏色 : ((31, 31, 31))
(691, 440)的顏色 : ((31, 31, 31))
(692, 440)的顏色 : ((31, 31, 31))
(693, 440)的顏色 : ((31, 31, 31))
(694, 440)的顏色 : ((31, 31, 31))
(695, 440)的顏色 : ((31, 31, 31))
(696, 440)的顏色 : ((31, 31, 31))
(697, 440)的顏色 : ((31, 31, 31))
(698, 440)的顏色 : ((31, 31, 31))
(699, 440)的顏色 : ((31, 31, 31))
(700, 440)的顏色 : ((31, 31, 31))
(701, 440)的顏色 : ((31, 31, 31))
(702, 440)的顏色 : ((31, 31, 31))
(703, 440)的顏色 : ((31, 31, 31))
(704, 440)的顏色 : ((31, 31, 31))
(705, 440)的顏色 : ((31, 31, 31))
(706, 440)的顏色 : ((31, 31, 31))
(707, 440)的顏色 : ((31, 31, 31))
(708, 440)的顏色 : ((31, 31, 31))
(709, 440)的顏色 : ((31, 31, 31))
(710, 440)的顏色 : ((31, 31, 31))
(711, 440)的顏色 : ((31, 31, 31))
(712, 440)的顏色 : ((31, 31, 31))
(713, 440)的顏色 : ((31, 31, 31))
(714, 440)的顏色 : ((31, 31, 31))
(715, 440)的顏色 : ((31, 31, 31))
(716, 440)的顏色 : ((31, 31, 31))
(717, 440)的顏色 : ((31, 31, 31))
(718, 440)的顏色 : ((31, 31, 31))
(719, 440)的顏色 : ((31, 31, 31))
(720, 440)的顏色 : ((31, 31, 31))
(721, 440)的顏色 : ((31, 31, 31))
(722, 440)的顏色 : ((31, 31, 31))
(723, 440)的顏色 : ((31, 31, 31))
(724, 440)的顏色 : ((31, 31, 31))
(725, 440)的顏色 : ((31, 31, 31))
(726, 440)的顏色 : ((31, 31, 31))
(727, 440)的顏色 : ((31, 31, 31))
(728, 440)的顏色 : ((31, 31, 31))
(729, 440)的顏色 : ((31, 31, 31))
(730, 440)的顏色 : ((31, 31, 31))
(731, 440)的顏色 : ((31, 31, 31))
(732, 440)的顏色 : ((31, 31, 31))
(733, 440)的顏色 : ((31, 31, 31))
(734, 440)的顏色 : ((31, 31, 31))
(735, 440)的顏色 : ((31, 31, 31))
(736, 440)的顏色 : ((31, 31, 31))
(737, 440)的顏色 : ((31, 31, 31))
(738, 440)的顏色 : ((31, 31, 31))
(739, 440)的顏色 : ((31, 31, 31))
(740, 440)的顏色 : ((31, 31, 31))
(741, 440)的顏色 : ((31, 31, 31))
(742, 440)的顏色 : ((31, 31, 31))
(743, 440)的顏色 : ((31, 31, 31))
(744, 440)的顏色 : ((31, 31, 31))
(745, 440)的顏色 : ((31, 31, 31))
(746, 440)的顏色 : ((31, 31, 31))
(747, 440)的顏色 : ((31, 31, 31))
(748, 440)的顏色 : ((31, 31, 31))
(749, 440)的顏色 : ((31, 31, 31))
(750, 440)的顏色 : ((31, 31, 31))
(751, 440)的顏色 : ((31, 31, 31))
(752, 440)的顏色 : ((31, 31, 31))
(753, 440)的顏色 : ((31, 31, 31))
(754, 440)的顏色 : ((31, 31, 31))
(755, 440)的顏色 : ((31, 31, 31))
(756, 440)的顏色 : ((31, 31, 31))
(757, 440)的顏色 : ((31, 31, 31))
(758, 440)的顏色 : ((31, 31, 31))
(759, 440)的顏色 : ((31, 31, 31))
(760, 440)的顏色 : ((31, 31, 31))
(761, 440)的顏色 : ((31, 31, 31))
(762, 440)的顏色 : ((31, 31, 31))
(763, 440)的顏色 : ((31, 31, 31))
(764, 440)的顏色 : ((31, 31, 31))
(765, 440)的顏色 : ((31, 31, 31))
(766, 440)的顏色 : ((31, 31, 31))
(767, 440)的顏色 : ((31, 31, 31))
(768, 440)的顏色 : ((31, 31, 31))
(769, 440)的顏色 : ((31, 31, 31))
(770, 440)的顏色 : ((31, 31, 31))
(771, 440)的顏色 : ((31, 31, 31))
(772, 440)的顏色 : ((31, 31, 31))
(773, 440)的顏色 : ((31, 31, 31))
(774, 440)的顏色 : ((31, 31, 31))
(775, 440)的顏色 : ((31, 31, 31))
(776, 440)的顏色 : ((31, 31, 31))
(777, 440)的顏色 : ((31, 31, 31))
(778, 440)的顏色 : ((31, 31, 31))
(779, 440)的顏色 : ((31, 31, 31))
(780, 440)的顏色 : ((31, 31, 31))
(781, 440)的顏色 : ((31, 31, 31))
(782, 440)的顏色 : ((31, 31, 31))
(783, 440)的顏色 : ((31, 31, 31))
(784, 440)的顏色 : ((31, 31, 31))
(785, 440)的顏色 : ((31, 31, 31))
(786, 440)的顏色 : ((31, 31, 31))
(787, 440)的顏色 : ((31, 31, 31))
(788, 440)的顏色 : ((31, 31, 31))
(789, 440)的顏色 : ((31, 31, 31))
(790, 440)的顏色 : ((31, 31, 31))
(791, 440)的顏色 : ((31, 31, 31))
(792, 440)的顏色 : ((31, 31, 31))
(793, 440)的顏色 : ((31, 31, 31))
(794, 440)的顏色 : ((31, 31, 31))
(795, 440)的顏色 : ((31, 31, 31))
(796, 440)的顏色 : ((31, 31, 31))
(797, 440)的顏色 : ((31, 31, 31))
(798, 440)的顏色 : ((31, 31, 31))
(799, 440)的顏色 : ((31, 31, 31))
(800, 440)的顏色 : ((31, 31, 31))
(801, 440)的顏色 : ((31, 31, 31))
(802, 440)的顏色 : ((31, 31, 31))
(803, 440)的顏色 : ((31, 31, 31))
(804, 440)的顏色 : ((31, 31, 31))
(805, 440)的顏色 : ((31, 31, 31))
(806, 440)的顏色 : ((31, 31, 31))
(807, 440)的顏色 : ((31, 31, 31))
(808, 440)的顏色 : ((31, 31, 31))
(809, 440)的顏色 : ((31, 31, 31))
(810, 440)的顏色 : ((31, 31, 31))
(811, 440)的顏色 : ((31, 31, 31))
(812, 440)的顏色 : ((31, 31, 31))
(813, 440)的顏色 : ((31, 31, 31))
(814, 440)的顏色 : ((31, 31, 31))
(815, 440)的顏色 : ((31, 31, 31))
(816, 440)的顏色 : ((31, 31, 31))
(817, 440)的顏色 : ((31, 31, 31))
(818, 440)的顏色 : ((31, 31, 31))
(819, 440)的顏色 : ((31, 31, 31))
(820, 440)的顏色 : ((31, 31, 31))
(821, 440)的顏色 : ((31, 31, 31))
(822, 440)的顏色 : ((31, 31, 31))
(823, 440)的顏色 : ((31, 31, 31))
(824, 440)的顏色 : ((31, 31, 31))
(825, 440)的顏色 : ((31, 31, 31))
(826, 440)的顏色 : ((31, 31, 31))
(827, 440)的顏色 : ((31, 31, 31))
(828, 440)的顏色 : ((31, 31, 31))
(829, 440)的顏色 : ((31, 31, 31))
(830, 440)的顏色 : ((31, 31, 31))
(831, 440)的顏色 : ((31, 31, 31))
(832, 440)的顏色 : ((31, 31, 31))
(833, 440)的顏色 : ((31, 31, 31))
(834, 440)的顏色 : ((31, 31, 31))
(835, 440)的顏色 : ((31, 31, 31))
(836, 440)的顏色 : ((31, 31, 31))
(837, 440)的顏色 : ((31, 31, 31))
(838, 440)的顏色 : ((31, 31, 31))
(839, 440)的顏色 : ((31, 31, 31))
(840, 440)的顏色 : ((31, 31, 31))
(841, 440)的顏色 : ((31, 31, 31))
(842, 440)的顏色 : ((31, 31, 31))
(843, 440)的顏色 : ((31, 31, 31))
(844, 440)的顏色 : ((31, 31, 31))
(845, 440)的顏色 : ((31, 31, 31))
(846, 440)的顏色 : ((31, 31, 31))
(847, 440)的顏色 : ((31, 31, 31))
(848, 440)的顏色 : ((31, 31, 31))
(849, 440)的顏色 : ((31, 31, 31))
(850, 440)的顏色 : ((31, 31, 31))
(851, 440)的顏色 : ((31, 31, 31))
(852, 440)的顏色 : ((31, 31, 31))
(853, 440)的顏色 : ((31, 31, 31))
(854, 440)的顏色 : ((31, 31, 31))
(855, 440)的顏色 : ((31, 31, 31))
(856, 440)的顏色 : ((31, 31, 31))
(857, 440)的顏色 : ((31, 31, 31))
(858, 440)的顏色 : ((31, 31, 31))
(859, 440)的顏色 : ((31, 31, 31))
(860, 440)的顏色 : ((31, 31, 31))
(861, 440)的顏色 : ((31, 31, 31))
(862, 440)的顏色 : ((31, 31, 31))
(863, 440)的顏色 : ((31, 31, 31))
(864, 440)的顏色 : ((31, 31, 31))
(865, 440)的顏色 : ((31, 31, 31))
(866, 440)的顏色 : ((31, 31, 31))
(867, 440)的顏色 : ((31, 31, 31))
(868, 440)的顏色 : ((31, 31, 31))
(869, 440)的顏色 : ((31, 31, 31))
(870, 440)的顏色 : ((31, 31, 31))
(871, 440)的顏色 : ((31, 31, 31))
(872, 440)的顏色 : ((31, 31, 31))
(873, 440)的顏色 : ((31, 31, 31))
(874, 440)的顏色 : ((31, 31, 31))
(875, 440)的顏色 : ((31, 31, 31))
(876, 440)的顏色 : ((31, 31, 31))
(877, 440)的顏色 : ((31, 31, 31))
(878, 440)的顏色 : ((31, 31, 31))
(879, 440)的顏色 : ((31, 31, 31))
(880, 440)的顏色 : ((31, 31, 31))
(881, 440)的顏色 : ((31, 31, 31))
(882, 440)的顏色 : ((31, 31, 31))
(883, 440)的顏色 : ((31, 31, 31))
(884, 440)的顏色 : ((31, 31, 31))
(885, 440)的顏色 : ((31, 31, 31))
(886, 440)的顏色 : ((31, 31, 31))
(887, 440)的顏色 : ((31, 31, 31))
(888, 440)的顏色 : ((31, 31, 31))
(889, 440)的顏色 : ((31, 31, 31))
(890, 440)的顏色 : ((31, 31, 31))
(891, 440)的顏色 : ((31, 31, 31))
(892, 440)的顏色 : ((31, 31, 31))
(893, 440)的顏色 : ((31, 31, 31))
(894, 440)的顏色 : ((31, 31, 31))
(895, 440)的顏色 : ((31, 31, 31))
(896, 440)的顏色 : ((31, 31, 31))
(897, 440)的顏色 : ((31, 31, 31))
(898, 440)的顏色 : ((31, 31, 31))
(899, 440)的顏色 : ((31, 31, 31))
(900, 440)的顏色 : ((31, 31, 31))
(901, 440)的顏色 : ((31, 31, 31))
(902, 440)的顏色 : ((31, 31, 31))
(903, 440)的顏色 : ((31, 31, 31))
(904, 440)的顏色 : ((31, 31, 31))
(905, 440)的顏色 : ((31, 31, 31))
(906, 440)的顏色 : ((31, 31, 31))
(907, 440)的顏色 : ((31, 31, 31))
(908, 440)的顏色 : ((31, 31, 31))
(909, 440)的顏色 : ((31, 31, 31))
(910, 440)的顏色 : ((31, 31, 31))
(911, 440)的顏色 : ((31, 31, 31))
(912, 440)的顏色 : ((31, 31, 31))
(913, 440)的顏色 : ((31, 31, 31))
(914, 440)的顏色 : ((31, 31, 31))
(915, 440)的顏色 : ((31, 31, 31))
(916, 440)的顏色 : ((31, 31, 31))
(917, 440)的顏色 : ((31, 31, 31))
(918, 440)的顏色 : ((31, 31, 31))
(919, 440)的顏色 : ((31, 31, 31))
(920, 440)的顏色 : ((31, 31, 31))
(921, 440)的顏色 : ((31, 31, 31))
(922, 440)的顏色 : ((31, 31, 31))
(923, 440)的顏色 : ((31, 31, 31))
(924, 440)的顏色 : ((31, 31, 31))
(925, 440)的顏色 : ((31, 31, 31))
(926, 440)的顏色 : ((31, 31, 31))
(927, 440)的顏色 : ((31, 31, 31))
(928, 440)的顏色 : ((31, 31, 31))
(929, 440)的顏色 : ((31, 31, 31))
(930, 440)的顏色 : ((31, 31, 31))
(931, 440)的顏色 : ((31, 31, 31))
(932, 440)的顏色 : ((31, 31, 31))
(933, 440)的顏色 : ((31, 31, 31))
(934, 440)的顏色 : ((31, 31, 31))
(935, 440)的顏色 : ((31, 31, 31))
(936, 440)的顏色 : ((31, 31, 31))
(937, 440)的顏色 : ((31, 31, 31))
(938, 440)的顏色 : ((31, 31, 31))
(939, 440)的顏色 : ((31, 31, 31))
(940, 440)的顏色 : ((31, 31, 31))
(941, 440)的顏色 : ((31, 31, 31))
(942, 440)的顏色 : ((31, 31, 31))
(943, 440)的顏色 : ((31, 31, 31))
(944, 440)的顏色 : ((31, 31, 31))
(945, 440)的顏色 : ((31, 31, 31))
(946, 440)的顏色 : ((31, 31, 31))
(947, 440)的顏色 : ((31, 31, 31))
(948, 440)的顏色 : ((31, 31, 31))
(949, 440)的顏色 : ((31, 31, 31))
(950, 440)的顏色 : ((31, 31, 31))
(951, 440)的顏色 : ((31, 31, 31))
(952, 440)的顏色 : ((31, 31, 31))
(953, 440)的顏色 : ((31, 31, 31))
(954, 440)的顏色 : ((31, 31, 31))
(955, 440)的顏色 : ((31, 31, 31))
(956, 440)的顏色 : ((31, 31, 31))
(957, 440)的顏色 : ((31, 31, 31))
(958, 440)的顏色 : ((31, 31, 31))
(959, 440)的顏色 : ((31, 31, 31))
(960, 440)的顏色 : ((31, 31, 31))
(961, 440)的顏色 : ((31, 31, 31))
(962, 440)的顏色 : ((31, 31, 31))
(963, 440)的顏色 : ((31, 31, 31))
(964, 440)的顏色 : ((31, 31, 31))
(965, 440)的顏色 : ((31, 31, 31))
(966, 440)的顏色 : ((31, 31, 31))
(967, 440)的顏色 : ((31, 31, 31))
(968, 440)的顏色 : ((31, 31, 31))
(969, 440)的顏色 : ((31, 31, 31))
(970, 440)的顏色 : ((31, 31, 31))
(971, 440)的顏色 : ((31, 31, 31))
(972, 440)的顏色 : ((31, 31, 31))
(973, 440)的顏色 : ((31, 31, 31))
(974, 440)的顏色 : ((31, 31, 31))
(975, 440)的顏色 : ((31, 31, 31))
(976, 440)的顏色 : ((31, 31, 31))
(977, 440)的顏色 : ((31, 31, 31))
(978, 440)的顏色 : ((31, 31, 31))
(979, 440)的顏色 : ((31, 31, 31))
(980, 440)的顏色 : ((31, 31, 31))
(981, 440)的顏色 : ((31, 31, 31))
(982, 440)的顏色 : ((31, 31, 31))
(983, 440)的顏色 : ((31, 31, 31))
(984, 440)的顏色 : ((31, 31, 31))
(985, 440)的顏色 : ((31, 31, 31))
(986, 440)的顏色 : ((31, 31, 31))
(987, 440)的顏色 : ((31, 31, 31))
(988, 440)的顏色 : ((31, 31, 31))
(989, 440)的顏色 : ((31, 31, 31))
(990, 440)的顏色 : ((31, 31, 31))
(991, 440)的顏色 : ((31, 31, 31))
(992, 440)的顏色 : ((31, 31, 31))
(993, 440)的顏色 : ((31, 31, 31))
(994, 440)的顏色 : ((31, 31, 31))
(995, 440)的顏色 : ((31, 31, 31))
(996, 440)的顏色 : ((31, 31, 31))
(997, 440)的顏色 : ((31, 31, 31))
(998, 440)的顏色 : ((31, 31, 31))
(999, 440)的顏色 : ((31, 31, 31))
(1000, 440)的顏色 : ((31, 31, 31))
(1001, 440)的顏色 : ((31, 31, 31))
(1002, 440)的顏色 : ((31, 31, 31))
(1003, 440)的顏色 : ((31, 31, 31))
(1004, 440)的顏色 : ((31, 31, 31))
(1005, 440)的顏色 : ((31, 31, 31))
(1006, 440)的顏色 : ((31, 31, 31))
(1007, 440)的顏色 : ((31, 31, 31))
(1008, 440)的顏色 : ((31, 31, 31))
(1009, 440)的顏色 : ((31, 31, 31))
(1010, 440)的顏色 : ((31, 31, 31))
(1011, 440)的顏色 : ((31, 31, 31))
(1012, 440)的顏色 : ((31, 31, 31))
(1013, 440)的顏色 : ((31, 31, 31))
(1014, 440)的顏色 : ((31, 31, 31))
(1015, 440)的顏色 : ((31, 31, 31))
(1016, 440)的顏色 : ((31, 31, 31))
(1017, 440)的顏色 : ((31, 31, 31))
(1018, 440)的顏色 : ((31, 31, 31))
(1019, 440)的顏色 : ((31, 31, 31))
(1020, 440)的顏色 : ((31, 31, 31))
(1021, 440)的顏色 : ((31, 31, 31))
(1022, 440)的顏色 : ((31, 31, 31))
(1023, 440)的顏色 : ((31, 31, 31))
(1024, 440)的顏色 : ((31, 31, 31))
(1025, 440)的顏色 : ((31, 31, 31))
(1026, 440)的顏色 : ((31, 31, 31))
(1027, 440)的顏色 : ((31, 31, 31))
(1028, 440)的顏色 : ((31, 31, 31))
(1029, 440)的顏色 : ((31, 31, 31))
(1030, 440)的顏色 : ((31, 31, 31))
(1031, 440)的顏色 : ((31, 31, 31))
(1032, 440)的顏色 : ((31, 31, 31))
(1033, 440)的顏色 : ((31, 31, 31))
(1034, 440)的顏色 : ((31, 31, 31))
(1035, 440)的顏色 : ((31, 31, 31))
(1036, 440)的顏色 : ((31, 31, 31))
(1037, 440)的顏色 : ((31, 31, 31))
(1038, 440)的顏色 : ((31, 31, 31))
(1039, 440)的顏色 : ((31, 31, 31))
(1040, 440)的顏色 : ((31, 31, 31))
(1041, 440)的顏色 : ((31, 31, 31))
(1042, 440)的顏色 : ((31, 31, 31))
(1043, 440)的顏色 : ((31, 31, 31))
(1044, 440)的顏色 : ((31, 31, 31))
(1045, 440)的顏色 : ((31, 31, 31))
(1046, 440)的顏色 : ((31, 31, 31))
(1047, 440)的顏色 : ((31, 31, 31))
(1048, 440)的顏色 : ((31, 31, 31))
(1049, 440)的顏色 : ((31, 31, 31))
(1050, 440)的顏色 : ((31, 31, 31))
(1051, 440)的顏色 : ((31, 31, 31))
(1052, 440)的顏色 : ((31, 31, 31))
(1053, 440)的顏色 : ((31, 31, 31))
(1054, 440)的顏色 : ((31, 31, 31))
(1055, 440)的顏色 : ((31, 31, 31))
(1056, 440)的顏色 : ((31, 31, 31))
(1057, 440)的顏色 : ((31, 31, 31))
(1058, 440)的顏色 : ((31, 31, 31))
(1059, 440)的顏色 : ((31, 31, 31))
(1060, 440)的顏色 : ((31, 31, 31))
(1061, 440)的顏色 : ((31, 31, 31))
(1062, 440)的顏色 : ((31, 31, 31))
(1063, 440)的顏色 : ((31, 31, 31))
(1064, 440)的顏色 : ((31, 31, 31))
(1065, 440)的顏色 : ((31, 31, 31))
(1066, 440)的顏色 : ((31, 31, 31))
(1067, 440)的顏色 : ((31, 31, 31))
(1068, 440)的顏色 : ((31, 31, 31))
(1069, 440)的顏色 : ((31, 31, 31))
(1070, 440)的顏色 : ((31, 31, 31))
(1071, 440)的顏色 : ((31, 31, 31))
(1072, 440)的顏色 : ((31, 31, 31))
(1073, 440)的顏色 : ((31, 31, 31))
(1074, 440)的顏色 : ((31, 31, 31))
(1075, 440)的顏色 : ((31, 31, 31))
(1076, 440)的顏色 : ((31, 31, 31))
(1077, 440)的顏色 : ((31, 31, 31))
(1078, 440)的顏色 : ((31, 31, 31))
(1079, 440)的顏色 : ((31, 31, 31))
(1080, 440)的顏色 : ((31, 31, 31))
(1081, 440)的顏色 : ((31, 31, 31))
(1082, 440)的顏色 : ((31, 31, 31))
(1083, 440)的顏色 : ((31, 31, 31))
(1084, 440)的顏色 : ((31, 31, 31))
(1085, 440)的顏色 : ((31, 31, 31))
(1086, 440)的顏色 : ((31, 31, 31))
(1087, 440)的顏色 : ((31, 31, 31))
(1088, 440)的顏色 : ((31, 31, 31))
(1089, 440)的顏色 : ((31, 31, 31))
(1090, 440)的顏色 : ((31, 31, 31))
(1091, 440)的顏色 : ((31, 31, 31))
(1092, 440)的顏色 : ((31, 31, 31))
(1093, 440)的顏色 : ((31, 31, 31))
(1094, 440)的顏色 : ((31, 31, 31))
(1095, 440)的顏色 : ((31, 31, 31))
(1096, 440)的顏色 : ((31, 31, 31))
(1097, 440)的顏色 : ((31, 31, 31))
(1098, 440)的顏色 : ((31, 31, 31))
(1099, 440)的顏色 : ((31, 31, 31))
(1100, 440)的顏色 : ((31, 31, 31))
(1101, 440)的顏色 : ((31, 31, 31))
(1102, 440)的顏色 : ((31, 31, 31))
(1103, 440)的顏色 : ((31, 31, 31))
(1104, 440)的顏色 : ((31, 31, 31))
(1105, 440)的顏色 : ((31, 31, 31))
(1106, 440)的顏色 : ((31, 31, 31))
(1107, 440)的顏色 : ((31, 31, 31))
(1108, 440)的顏色 : ((31, 31, 31))
(1109, 440)的顏色 : ((31, 31, 31))
(1110, 440)的顏色 : ((31, 31, 31))
(1111, 440)的顏色 : ((31, 31, 31))
(1112, 440)的顏色 : ((31, 31, 31))
(1113, 440)的顏色 : ((31, 31, 31))
(1114, 440)的顏色 : ((31, 31, 31))
(1115, 440)的顏色 : ((31, 31, 31))
(1116, 440)的顏色 : ((31, 31, 31))
(1117, 440)的顏色 : ((31, 31, 31))
(1118, 440)的顏色 : ((31, 31, 31))
(1119, 440)的顏色 : ((31, 31, 31))
(1120, 440)的顏色 : ((31, 31, 31))
(1121, 440)的顏色 : ((31, 31, 31))
(1122, 440)的顏色 : ((31, 31, 31))
(1123, 440)的顏色 : ((31, 31, 31))
(1124, 440)的顏色 : ((31, 31, 31))
(1125, 440)的顏色 : ((31, 31, 31))
(1126, 440)的顏色 : ((31, 31, 31))
(1127, 440)的顏色 : ((31, 31, 31))
(1128, 440)的顏色 : ((31, 31, 31))
(1129, 440)的顏色 : ((31, 31, 31))
(1130, 440)的顏色 : ((31, 31, 31))
(1131, 440)的顏色 : ((31, 31, 31))
(1132, 440)的顏色 : ((31, 31, 31))
(1133, 440)的顏色 : ((31, 31, 31))
(1134, 440)的顏色 : ((31, 31, 31))
(1135, 440)的顏色 : ((31, 31, 31))
(1136, 440)的顏色 : ((31, 31, 31))
(1137, 440)的顏色 : ((31, 31, 31))
(1138, 440)的顏色 : ((31, 31, 31))
(1139, 440)的顏色 : ((31, 31, 31))
(1140, 440)的顏色 : ((31, 31, 31))
(1141, 440)的顏色 : ((31, 31, 31))
(1142, 440)的顏色 : ((31, 31, 31))
(1143, 440)的顏色 : ((31, 31, 31))
(1144, 440)的顏色 : ((31, 31, 31))
(1145, 440)的顏色 : ((31, 31, 31))
(1146, 440)的顏色 : ((31, 31, 31))
(1147, 440)的顏色 : ((31, 31, 31))
(1148, 440)的顏色 : ((31, 31, 31))
(1149, 440)的顏色 : ((31, 31, 31))
(1150, 440)的顏色 : ((31, 31, 31))
(1151, 440)的顏色 : ((31, 31, 31))
(1152, 440)的顏色 : ((31, 31, 31))
(1153, 440)的顏色 : ((31, 31, 31))
(1154, 440)的顏色 : ((31, 31, 31))
(1155, 440)的顏色 : ((31, 31, 31))
(1156, 440)的顏色 : ((31, 31, 31))
(1157, 440)的顏色 : ((31, 31, 31))
(1158, 440)的顏色 : ((31, 31, 31))
(1159, 440)的顏色 : ((31, 31, 31))
(1160, 440)的顏色 : ((31, 31, 31))
(1161, 440)的顏色 : ((31, 31, 31))
(1162, 440)的顏色 : ((31, 31, 31))
(1163, 440)的顏色 : ((31, 31, 31))
(1164, 440)的顏色 : ((31, 31, 31))
(1165, 440)的顏色 : ((31, 31, 31))
(1166, 440)的顏色 : ((31, 31, 31))
(1167, 440)的顏色 : ((31, 31, 31))
(1168, 440)的顏色 : ((31, 31, 31))
(1169, 440)的顏色 : ((31, 31, 31))
(1170, 440)的顏色 : ((31, 31, 31))
(1171, 440)的顏色 : ((31, 31, 31))
(1172, 440)的顏色 : ((31, 31, 31))
(1173, 440)的顏色 : ((31, 31, 31))
(1174, 440)的顏色 : ((31, 31, 31))
(1175, 440)的顏色 : ((31, 31, 31))
(1176, 440)的顏色 : ((31, 31, 31))
(1177, 440)的顏色 : ((31, 31, 31))
(1178, 440)的顏色 : ((31, 31, 31))
(1179, 440)的顏色 : ((31, 31, 31))
(1180, 440)的顏色 : ((31, 31, 31))
(1181, 440)的顏色 : ((31, 31, 31))
(1182, 440)的顏色 : ((31, 31, 31))
(1183, 440)的顏色 : ((31, 31, 31))
(1184, 440)的顏色 : ((31, 31, 31))
(1185, 440)的顏色 : ((31, 31, 31))
(1186, 440)的顏色 : ((31, 31, 31))
(1187, 440)的顏色 : ((31, 31, 31))
(1188, 440)的顏色 : ((31, 31, 31))
(1189, 440)的顏色 : ((31, 31, 31))
(1190, 440)的顏色 : ((31, 31, 31))
(1191, 440)的顏色 : ((31, 31, 31))
(1192, 440)的顏色 : ((31, 31, 31))
(1193, 440)的顏色 : ((31, 31, 31))
(1194, 440)的顏色 : ((31, 31, 31))
(1195, 440)的顏色 : ((31, 31, 31))
(1196, 440)的顏色 : ((31, 31, 31))
(1197, 440)的顏色 : ((31, 31, 31))
(1198, 440)的顏色 : ((31, 31, 31))
(1199, 440)的顏色 : ((31, 31, 31))
(1200, 440)的顏色 : ((31, 31, 31))
(1201, 440)的顏色 : ((31, 31, 31))
(1202, 440)的顏色 : ((31, 31, 31))
(1203, 440)的顏色 : ((31, 31, 31))
(1204, 440)的顏色 : ((31, 31, 31))
(1205, 440)的顏色 : ((31, 31, 31))
(1206, 440)的顏色 : ((31, 31, 31))
(1207, 440)的顏色 : ((31, 31, 31))
(1208, 440)的顏色 : ((31, 31, 31))
(1209, 440)的顏色 : ((31, 31, 31))
(1210, 440)的顏色 : ((31, 31, 31))
(1211, 440)的顏色 : ((31, 31, 31))
(1212, 440)的顏色 : ((31, 31, 31))
(1213, 440)的顏色 : ((31, 31, 31))
(1214, 440)的顏色 : ((31, 31, 31))
(1215, 440)的顏色 : ((31, 31, 31))
(1216, 440)的顏色 : ((31, 31, 31))
(1217, 440)的顏色 : ((31, 31, 31))
(1218, 440)的顏色 : ((31, 31, 31))
(1219, 440)的顏色 : ((31, 31, 31))
(1220, 440)的顏色 : ((31, 31, 31))
(1221, 440)的顏色 : ((31, 31, 31))
(1222, 440)的顏色 : ((31, 31, 31))
(1223, 440)的顏色 : ((31, 31, 31))
(1224, 440)的顏色 : ((31, 31, 31))
(1225, 440)的顏色 : ((31, 31, 31))
(1226, 440)的顏色 : ((31, 31, 31))
(1227, 440)的顏色 : ((31, 31, 31))
(1228, 440)的顏色 : ((31, 31, 31))
(1229, 440)的顏色 : ((31, 31, 31))
(1230, 440)的顏色 : ((31, 31, 31))
(1231, 440)的顏色 : ((31, 31, 31))
(1232, 440)的顏色 : ((31, 31, 31))
(1233, 440)的顏色 : ((31, 31, 31))
(1234, 440)的顏色 : ((31, 31, 31))
(1235, 440)的顏色 : ((31, 31, 31))
(1236, 440)的顏色 : ((31, 31, 31))
(1237, 440)的顏色 : ((31, 31, 31))
(1238, 440)的顏色 : ((31, 31, 31))
(1239, 440)的顏色 : ((31, 31, 31))
(1240, 440)的顏色 : ((31, 31, 31))
(1241, 440)的顏色 : ((31, 31, 31))
(1242, 440)的顏色 : ((31, 31, 31))
(1243, 440)的顏色 : ((31, 31, 31))
(1244, 440)的顏色 : ((31, 31, 31))
(1245, 440)的顏色 : ((31, 31, 31))
(1246, 440)的顏色 : ((31, 31, 31))
(1247, 440)的顏色 : ((31, 31, 31))
(1248, 440)的顏色 : ((31, 31, 31))
(1249, 440)的顏色 : ((31, 31, 31))
(1250, 440)的顏色 : ((31, 31, 31))
(1251, 440)的顏色 : ((31, 31, 31))
(1252, 440)的顏色 : ((31, 31, 31))
(1253, 440)的顏色 : ((31, 31, 31))
(1254, 440)的顏色 : ((31, 31, 31))
(1255, 440)的顏色 : ((31, 31, 31))
(1256, 440)的顏色 : ((31, 31, 31))
(1257, 440)的顏色 : ((31, 31, 31))
(1258, 440)的顏色 : ((31, 31, 31))
(1259, 440)的顏色 : ((31, 31, 31))
(1260, 440)的顏色 : ((31, 31, 31))
(1261, 440)的顏色 : ((31, 31, 31))
(1262, 440)的顏色 : ((31, 31, 31))
(1263, 440)的顏色 : ((31, 31, 31))
(1264, 440)的顏色 : ((31, 31, 31))
(1265, 440)的顏色 : ((31, 31, 31))
(1266, 440)的顏色 : ((31, 31, 31))
(1267, 440)的顏色 : ((31, 31, 31))
(1268, 440)的顏色 : ((31, 31, 31))
(1269, 440)的顏色 : ((31, 31, 31))
(1270, 440)的顏色 : ((31, 31, 31))
(1271, 440)的顏色 : ((31, 31, 31))
(1272, 440)的顏色 : ((31, 31, 31))
(1273, 440)的顏色 : ((31, 31, 31))
(1274, 440)的顏色 : ((31, 31, 31))
(1275, 440)的顏色 : ((31, 31, 31))
(1276, 440)的顏色 : ((31, 31, 31))
(1277, 440)的顏色 : ((31, 31, 31))
(1278, 440)的顏色 : ((31, 31, 31))
(1279, 440)的顏色 : ((31, 31, 31))
(1280, 440)的顏色 : ((31, 31, 31))
(1281, 440)的顏色 : ((31, 31, 31))
(1282, 440)的顏色 : ((31, 31, 31))
(1283, 440)的顏色 : ((31, 31, 31))
(1284, 440)的顏色 : ((31, 31, 31))
(1285, 440)的顏色 : ((31, 31, 31))
(1286, 440)的顏色 : ((31, 31, 31))
(1287, 440)的顏色 : ((31, 31, 31))
(1288, 440)的顏色 : ((31, 31, 31))
(1289, 440)的顏色 : ((31, 31, 31))
(1290, 440)的顏色 : ((31, 31, 31))
(1291, 440)的顏色 : ((31, 31, 31))
(1292, 440)的顏色 : ((31, 31, 31))
(1293, 440)的顏色 : ((31, 31, 31))
(1294, 440)的顏色 : ((31, 31, 31))
(1295, 440)的顏色 : ((31, 31, 31))
(1296, 440)的顏色 : ((31, 31, 31))
(1297, 440)的顏色 : ((31, 31, 31))
(1298, 440)的顏色 : ((31, 31, 31))
(1299, 440)的顏色 : ((31, 31, 31))
(1300, 440)的顏色 : ((31, 31, 31))
(1301, 440)的顏色 : ((31, 31, 31))
(1302, 440)的顏色 : ((31, 31, 31))
(1303, 440)的顏色 : ((31, 31, 31))
(1304, 440)的顏色 : ((31, 31, 31))
(1305, 440)的顏色 : ((31, 31, 31))
(1306, 440)的顏色 : ((31, 31, 31))
(1307, 440)的顏色 : ((31, 31, 31))
(1308, 440)的顏色 : ((31, 31, 31))
(1309, 440)的顏色 : ((31, 31, 31))
(1310, 440)的顏色 : ((31, 31, 31))
(1311, 440)的顏色 : ((31, 31, 31))
(1312, 440)的顏色 : ((31, 31, 31))
(1313, 440)的顏色 : ((31, 31, 31))
(1314, 440)的顏色 : ((31, 31, 31))
(1315, 440)的顏色 : ((31, 31, 31))
(1316, 440)的顏色 : ((31, 31, 31))
(1317, 440)的顏色 : ((31, 31, 31))
(1318, 440)的顏色 : ((31, 31, 31))
(1319, 440)的顏色 : ((31, 31, 31))
(1320, 440)的顏色 : ((31, 31, 31))
(1321, 440)的顏色 : ((31, 31, 31))
(1322, 440)的顏色 : ((31, 31, 31))
(1323, 440)的顏色 : ((31, 31, 31))
(1324, 440)的顏色 : ((31, 31, 31))
(1325, 440)的顏色 : ((31, 31, 31))
(1326, 440)的顏色 : ((31, 31, 31))
(1327, 440)的顏色 : ((31, 31, 31))
(1328, 440)的顏色 : ((31, 31, 31))
(1329, 440)的顏色 : ((31, 31, 31))
(1330, 440)的顏色 : ((31, 31, 31))
(1331, 440)的顏色 : ((31, 31, 31))
(1332, 440)的顏色 : ((31, 31, 31))
(1333, 440)的顏色 : ((31, 31, 31))
(1334, 440)的顏色 : ((31, 31, 31))
(1335, 440)的顏色 : ((31, 31, 31))
(1336, 440)的顏色 : ((31, 31, 31))
(1337, 440)的顏色 : ((31, 31, 31))
(1338, 440)的顏色 : ((31, 31, 31))
(1339, 440)的顏色 : ((31, 31, 31))
(1340, 440)的顏色 : ((31, 31, 31))
(1341, 440)的顏色 : ((31, 31, 31))
(1342, 440)的顏色 : ((31, 31, 31))
(1343, 440)的顏色 : ((31, 31, 31))
(1344, 440)的顏色 : ((31, 31, 31))
(1345, 440)的顏色 : ((31, 31, 31))
(1346, 440)的顏色 : ((31, 31, 31))
(1347, 440)的顏色 : ((31, 31, 31))
(1348, 440)的顏色 : ((31, 31, 31))
(1349, 440)的顏色 : ((31, 31, 31))
(1350, 440)的顏色 : ((31, 31, 31))
(1351, 440)的顏色 : ((31, 31, 31))
(1352, 440)的顏色 : ((31, 31, 31))
(1353, 440)的顏色 : ((31, 31, 31))
(1354, 440)的顏色 : ((31, 31, 31))
(1355, 440)的顏色 : ((31, 31, 31))
(1356, 440)的顏色 : ((31, 31, 31))
(1357, 440)的顏色 : ((31, 31, 31))
(1358, 440)的顏色 : ((31, 31, 31))
(1359, 440)的顏色 : ((31, 31, 31))
(1360, 440)的顏色 : ((31, 31, 31))
(1361, 440)的顏色 : ((31, 31, 31))
(1362, 440)的顏色 : ((31, 31, 31))
(1363, 440)的顏色 : ((31, 31, 31))
(1364, 440)的顏色 : ((31, 31, 31))
(1365, 440)的顏色 : ((31, 31, 31))
(1366, 440)的顏色 : ((31, 31, 31))
(1367, 440)的顏色 : ((31, 31, 31))
(1368, 440)的顏色 : ((31, 31, 31))
(1369, 440)的顏色 : ((31, 31, 31))
(1370, 440)的顏色 : ((31, 31, 31))
(1371, 440)的顏色 : ((31, 31, 31))
(1372, 440)的顏色 : ((31, 31, 31))
(1373, 440)的顏色 : ((31, 31, 31))
(1374, 440)的顏色 : ((31, 31, 31))
(1375, 440)的顏色 : ((31, 31, 31))
(1376, 440)的顏色 : ((31, 31, 31))
(1377, 440)的顏色 : ((31, 31, 31))
(1378, 440)的顏色 : ((31, 31, 31))
(1379, 440)的顏色 : ((31, 31, 31))
(1380, 440)的顏色 : ((31, 31, 31))
(1381, 440)的顏色 : ((31, 31, 31))
(1382, 440)的顏色 : ((31, 31, 31))
(1383, 440)的顏色 : ((31, 31, 31))
(1384, 440)的顏色 : ((31, 31, 31))
(1385, 440)的顏色 : ((31, 31, 31))
(1386, 440)的顏色 : ((31, 31, 31))
(1387, 440)的顏色 : ((31, 31, 31))
(1388, 440)的顏色 : ((31, 31, 31))
(1389, 440)的顏色 : ((31, 31, 31))
(1390, 440)的顏色 : ((31, 31, 31))
(1391, 440)的顏色 : ((31, 31, 31))
(1392, 440)的顏色 : ((31, 31, 31))
(1393, 440)的顏色 : ((31, 31, 31))
(1394, 440)的顏色 : ((31, 31, 31))
(1395, 440)的顏色 : ((31, 31, 31))
(1396, 440)的顏色 : ((31, 31, 31))
(1397, 440)的顏色 : ((31, 31, 31))
(1398, 440)的顏色 : ((31, 31, 31))
(1399, 440)的顏色 : ((31, 31, 31))
(1400, 440)的顏色 : ((31, 31, 31))
(1401, 440)的顏色 : ((31, 31, 31))
(1402, 440)的顏色 : ((31, 31, 31))
(1403, 440)的顏色 : ((31, 31, 31))
(1404, 440)的顏色 : ((31, 31, 31))
(1405, 440)的顏色 : ((31, 31, 31))
(1406, 440)的顏色 : ((31, 31, 31))
(1407, 440)的顏色 : ((31, 31, 31))
(1408, 440)的顏色 : ((31, 31, 31))
(1409, 440)的顏色 : ((31, 31, 31))
(1410, 440)的顏色 : ((31, 31, 31))
(1411, 440)的顏色 : ((31, 31, 31))
(1412, 440)的顏色 : ((31, 31, 31))
(1413, 440)的顏色 : ((31, 31, 31))
(1414, 440)的顏色 : ((31, 31, 31))
(1415, 440)的顏色 : ((31, 31, 31))
(1416, 440)的顏色 : ((31, 31, 31))
(1417, 440)的顏色 : ((31, 31, 31))
(1418, 440)的顏色 : ((31, 31, 31))
(1419, 440)的顏色 : ((31, 31, 31))
(1420, 440)的顏色 : ((31, 31, 31))
(1421, 440)的顏色 : ((31, 31, 31))
(1422, 440)的顏色 : ((31, 31, 31))
(1423, 440)的顏色 : ((31, 31, 31))
(1424, 440)的顏色 : ((31, 31, 31))
(1425, 440)的顏色 : ((31, 31, 31))
(1426, 440)的顏色 : ((31, 31, 31))
(1427, 440)的顏色 : ((31, 31, 31))
(1428, 440)的顏色 : ((31, 31, 31))
(1429, 440)的顏色 : ((31, 31, 31))
(1430, 440)的顏色 : ((31, 31, 31))
(1431, 440)的顏色 : ((31, 31, 31))
(1432, 440)的顏色 : ((31, 31, 31))
(1433, 440)的顏色 : ((31, 31, 31))
(1434, 440)的顏色 : ((31, 31, 31))
(1435, 440)的顏色 : ((31, 31, 31))
(1436, 440)的顏色 : ((31, 31, 31))
(1437, 440)的顏色 : ((31, 31, 31))
(1438, 440)的顏色 : ((31, 31, 31))
(1439, 440)的顏色 : ((31, 31, 31))
(1440, 440)的顏色 : ((31, 31, 31))
(1441, 440)的顏色 : ((31, 31, 31))
(1442, 440)的顏色 : ((31, 31, 31))
(1443, 440)的顏色 : ((31, 31, 31))
(1444, 440)的顏色 : ((31, 31, 31))
(1445, 440)的顏色 : ((31, 31, 31))
(1446, 440)的顏色 : ((31, 31, 31))
(1447, 440)的顏色 : ((31, 31, 31))
(1448, 440)的顏色 : ((31, 31, 31))
(1449, 440)的顏色 : ((31, 31, 31))
(1450, 440)的顏色 : ((31, 31, 31))
(1451, 440)的顏色 : ((31, 31, 31))
(1452, 440)的顏色 : ((31, 31, 31))
(1453, 440)的顏色 : ((31, 31, 31))
(1454, 440)的顏色 : ((31, 31, 31))
(1455, 440)的顏色 : ((31, 31, 31))
(1456, 440)的顏色 : ((31, 31, 31))
(1457, 440)的顏色 : ((31, 31, 31))
(1458, 440)的顏色 : ((31, 31, 31))
(1459, 440)的顏色 : ((31, 31, 31))
(1460, 440)的顏色 : ((31, 31, 31))
(1461, 440)的顏色 : ((31, 31, 31))
(1462, 440)的顏色 : ((31, 31, 31))
(1463, 440)的顏色 : ((31, 31, 31))
(1464, 440)的顏色 : ((31, 31, 31))
(1465, 440)的顏色 : ((31, 31, 31))
(1466, 440)的顏色 : ((31, 31, 31))
(1467, 440)的顏色 : ((31, 31, 31))
(1468, 440)的顏色 : ((31, 31, 31))
(1469, 440)的顏色 : ((31, 31, 31))
(1470, 440)的顏色 : ((31, 31, 31))
(1471, 440)的顏色 : ((31, 31, 31))
(1472, 440)的顏色 : ((31, 31, 31))
(1473, 440)的顏色 : ((31, 31, 31))
(1474, 440)的顏色 : ((31, 31, 31))
(1475, 440)的顏色 : ((31, 31, 31))
(1476, 440)的顏色 : ((31, 31, 31))
(1477, 440)的顏色 : ((31, 31, 31))
(1478, 440)的顏色 : ((31, 31, 31))
(1479, 440)的顏色 : ((31, 31, 31))
(1480, 440)的顏色 : ((31, 31, 31))
(1481, 440)的顏色 : ((31, 31, 31))
(1482, 440)的顏色 : ((31, 31, 31))
(1483, 440)的顏色 : ((31, 31, 31))
(1484, 440)的顏色 : ((31, 31, 31))
(1485, 440)的顏色 : ((31, 31, 31))
(1486, 440)的顏色 : ((31, 31, 31))
(1487, 440)的顏色 : ((31, 31, 31))
(1488, 440)的顏色 : ((31, 31, 31))
(1489, 440)的顏色 : ((31, 31, 31))
(1490, 440)的顏色 : ((31, 31, 31))
(1491, 440)的顏色 : ((31, 31, 31))
(1492, 440)的顏色 : ((31, 31, 31))
(1493, 440)的顏色 : ((31, 31, 31))
(1494, 440)的顏色 : ((31, 31, 31))
(1495, 440)的顏色 : ((31, 31, 31))
(1496, 440)的顏色 : ((31, 31, 31))
(1497, 440)的顏色 : ((31, 31, 31))
(1498, 440)的顏色 : ((31, 31, 31))
(1499, 440)的顏色 : ((31, 31, 31))
(1500, 440)的顏色 : ((31, 31, 31))
(1501, 440)的顏色 : ((31, 31, 31))
(1502, 440)的顏色 : ((31, 31, 31))
(1503, 440)的顏色 : ((31, 31, 31))
(1504, 440)的顏色 : ((31, 31, 31))
(1505, 440)的顏色 : ((31, 31, 31))
(1506, 440)的顏色 : ((31, 31, 31))
(1507, 440)的顏色 : ((31, 31, 31))
(1508, 440)的顏色 : ((31, 31, 31))
(1509, 440)的顏色 : ((31, 31, 31))
(1510, 440)的顏色 : ((31, 31, 31))
(1511, 440)的顏色 : ((31, 31, 31))
(1512, 440)的顏色 : ((31, 31, 31))
(1513, 440)的顏色 : ((31, 31, 31))
(1514, 440)的顏色 : ((31, 31, 31))
(1515, 440)的顏色 : ((31, 31, 31))
(1516, 440)的顏色 : ((31, 31, 31))
(1517, 440)的顏色 : ((31, 31, 31))
(1518, 440)的顏色 : ((31, 31, 31))
(1519, 440)的顏色 : ((31, 31, 31))
(1520, 440)的顏色 : ((31, 31, 31))
(1521, 440)的顏色 : ((31, 31, 31))
(1522, 440)的顏色 : ((31, 31, 31))
(1523, 440)的顏色 : ((31, 31, 31))
(1524, 440)的顏色 : ((31, 31, 31))
(1525, 440)的顏色 : ((31, 31, 31))
(1526, 440)的顏色 : ((31, 31, 31))
(1527, 440)的顏色 : ((31, 31, 31))
(1528, 440)的顏色 : ((31, 31, 31))
(1529, 440)的顏色 : ((31, 31, 31))
(1530, 440)的顏色 : ((31, 31, 31))
(1531, 440)的顏色 : ((31, 31, 31))
(1532, 440)的顏色 : ((31, 31, 31))
(1533, 440)的顏色 : ((31, 31, 31))
(1534, 440)的顏色 : ((31, 31, 31))
(1535, 440)的顏色 : ((31, 31, 31))
(1536, 440)的顏色 : ((31, 31, 31))
(1537, 440)的顏色 : ((31, 31, 31))
(1538, 440)的顏色 : ((31, 31, 31))
(1539, 440)的顏色 : ((31, 31, 31))
(1540, 440)的顏色 : ((31, 31, 31))
(1541, 440)的顏色 : ((31, 31, 31))
(1542, 440)的顏色 : ((31, 31, 31))
(1543, 440)的顏色 : ((31, 31, 31))
(1544, 440)的顏色 : ((31, 31, 31))
(1545, 440)的顏色 : ((31, 31, 31))
(1546, 440)的顏色 : ((31, 31, 31))
(1547, 440)的顏色 : ((31, 31, 31))
(1548, 440)的顏色 : ((31, 31, 31))
(1549, 440)的顏色 : ((31, 31, 31))
(1550, 440)的顏色 : ((31, 31, 31))
(1551, 440)的顏色 : ((31, 31, 31))
(1552, 440)的顏色 : ((31, 31, 31))
(1553, 440)的顏色 : ((31, 31, 31))
(1554, 440)的顏色 : ((31, 31, 31))
(1555, 440)的顏色 : ((31, 31, 31))
(1556, 440)的顏色 : ((31, 31, 31))
(1557, 440)的顏色 : ((31, 31, 31))
(1558, 440)的顏色 : ((31, 31, 31))
(1559, 440)的顏色 : ((31, 31, 31))
(1560, 440)的顏色 : ((31, 31, 31))
(1561, 440)的顏色 : ((31, 31, 31))
(1562, 440)的顏色 : ((31, 31, 31))
(1563, 440)的顏色 : ((31, 31, 31))
(1564, 440)的顏色 : ((31, 31, 31))
(1565, 440)的顏色 : ((31, 31, 31))
(1566, 440)的顏色 : ((31, 31, 31))
(1567, 440)的顏色 : ((31, 31, 31))
(1568, 440)的顏色 : ((31, 31, 31))
(1569, 440)的顏色 : ((31, 31, 31))
(1570, 440)的顏色 : ((31, 31, 31))
(1571, 440)的顏色 : ((31, 31, 31))
(1572, 440)的顏色 : ((31, 31, 31))
(1573, 440)的顏色 : ((31, 31, 31))
(1574, 440)的顏色 : ((31, 31, 31))
(1575, 440)的顏色 : ((31, 31, 31))
(1576, 440)的顏色 : ((31, 31, 31))
(1577, 440)的顏色 : ((31, 31, 31))
(1578, 440)的顏色 : ((31, 31, 31))
(1579, 440)的顏色 : ((31, 31, 31))
(1580, 440)的顏色 : ((31, 31, 31))
(1581, 440)的顏色 : ((31, 31, 31))
(1582, 440)的顏色 : ((31, 31, 31))
(1583, 440)的顏色 : ((31, 31, 31))
(1584, 440)的顏色 : ((31, 31, 31))
(1585, 440)的顏色 : ((31, 31, 31))
(1586, 440)的顏色 : ((31, 31, 31))
(1587, 440)的顏色 : ((31, 31, 31))
(1588, 440)的顏色 : ((31, 31, 31))
(1589, 440)的顏色 : ((31, 31, 31))
(1590, 440)的顏色 : ((31, 31, 31))
(1591, 440)的顏色 : ((31, 31, 31))
(1592, 440)的顏色 : ((31, 31, 31))
(1593, 440)的顏色 : ((31, 31, 31))
(1594, 440)的顏色 : ((31, 31, 31))
(1595, 440)的顏色 : ((31, 31, 31))
(1596, 440)的顏色 : ((31, 31, 31))
(1597, 440)的顏色 : ((31, 31, 31))
(1598, 440)的顏色 : ((31, 31, 31))
(1599, 440)的顏色 : ((31, 31, 31))
(1600, 440)的顏色 : ((31, 31, 31))
(1601, 440)的顏色 : ((31, 31, 31))
(1602, 440)的顏色 : ((31, 31, 31))
(1603, 440)的顏色 : ((31, 31, 31))
(1604, 440)的顏色 : ((31, 31, 31))
(1605, 440)的顏色 : ((31, 31, 31))
(1606, 440)的顏色 : ((31, 31, 31))
(1607, 440)的顏色 : ((31, 31, 31))
(1608, 440)的顏色 : ((31, 31, 31))
(1609, 440)的顏色 : ((31, 31, 31))
(1610, 440)的顏色 : ((31, 31, 31))
(1611, 440)的顏色 : ((31, 31, 31))
(1612, 440)的顏色 : ((31, 31, 31))
(1613, 440)的顏色 : ((31, 31, 31))
(1614, 440)的顏色 : ((31, 31, 31))
(1615, 440)的顏色 : ((31, 31, 31))
(1616, 440)的顏色 : ((31, 31, 31))
(1617, 440)的顏色 : ((31, 31, 31))
(1618, 440)的顏色 : ((31, 31, 31))
(1619, 440)的顏色 : ((31, 31, 31))
(1620, 440)的顏色 : ((31, 31, 31))
(1621, 440)的顏色 : ((31, 31, 31))
(1622, 440)的顏色 : ((31, 31, 31))
(1623, 440)的顏色 : ((31, 31, 31))
(1624, 440)的顏色 : ((31, 31, 31))
(1625, 440)的顏色 : ((31, 31, 31))
(1626, 440)的顏色 : ((31, 31, 31))
(1627, 440)的顏色 : ((31, 31, 31))
(1628, 440)的顏色 : ((31, 31, 31))
(1629, 440)的顏色 : ((31, 31, 31))
(1630, 440)的顏色 : ((31, 31, 31))
(1631, 440)的顏色 : ((31, 31, 31))
(1632, 440)的顏色 : ((31, 31, 31))
(1633, 440)的顏色 : ((31, 31, 31))
(1634, 440)的顏色 : ((31, 31, 31))
(1635, 440)的顏色 : ((31, 31, 31))
(1636, 440)的顏色 : ((31, 31, 31))
(1637, 440)的顏色 : ((31, 31, 31))
(1638, 440)的顏色 : ((31, 31, 31))
(1639, 440)的顏色 : ((31, 31, 31))
(1640, 440)的顏色 : ((31, 31, 31))
(1641, 440)的顏色 : ((31, 31, 31))
(1642, 440)的顏色 : ((31, 31, 31))
(1643, 440)的顏色 : ((31, 31, 31))
(1644, 440)的顏色 : ((31, 31, 31))
(1645, 440)的顏色 : ((31, 31, 31))
(1646, 440)的顏色 : ((31, 31, 31))
(1647, 440)的顏色 : ((31, 31, 31))
(1648, 440)的顏色 : ((31, 31, 31))
(1649, 440)的顏色 : ((31, 31, 31))
(1650, 440)的顏色 : ((31, 31, 31))
(1651, 440)的顏色 : ((31, 31, 31))
(1652, 440)的顏色 : ((31, 31, 31))
(1653, 440)的顏色 : ((31, 31, 31))
(1654, 440)的顏色 : ((31, 31, 31))
(1655, 440)的顏色 : ((31, 31, 31))
(1656, 440)的顏色 : ((31, 31, 31))
(1657, 440)的顏色 : ((31, 31, 31))
(1658, 440)的顏色 : ((31, 31, 31))
(1659, 440)的顏色 : ((31, 31, 31))
(1660, 440)的顏色 : ((31, 31, 31))
(1661, 440)的顏色 : ((31, 31, 31))
(1662, 440)的顏色 : ((31, 31, 31))
(1663, 440)的顏色 : ((31, 31, 31))
(1664, 440)的顏色 : ((31, 31, 31))
(1665, 440)的顏色 : ((47, 65, 61))
(1666, 440)的顏色 : ((53, 78, 72))
(1667, 440)的顏色 : ((59, 91, 83))
(1668, 440)的顏色 : ((56, 86, 79))
(1669, 440)的顏色 : ((52, 52, 52))
(1670, 440)的顏色 : ((80, 80, 80))
(1671, 440)的顏色 : ((68, 68, 68))
(1672, 440)的顏色 : ((88, 88, 88))
(1673, 440)的顏色 : ((88, 88, 88))
(1674, 440)的顏色 : ((113, 113, 113))
(1675, 440)的顏色 : ((66, 66, 66))
(1676, 440)的顏色 : ((76, 82, 72))
(1677, 440)的顏色 : ((66, 66, 66))
(1678, 440)的顏色 : ((31, 31, 31))
(1679, 440)的顏色 : ((31, 31, 31))
(1680, 440)的顏色 : ((31, 31, 31))
(1681, 440)的顏色 : ((31, 31, 31))
(1682, 440)的顏色 : ((31, 31, 31))
(1683, 440)的顏色 : ((31, 31, 31))
(1684, 440)的顏色 : ((31, 31, 31))
(1685, 440)的顏色 : ((31, 31, 31))
(1686, 440)的顏色 : ((31, 31, 31))
(1687, 440)的顏色 : ((31, 31, 31))
(1688, 440)的顏色 : ((31, 31, 31))
(1689, 440)的顏色 : ((31, 31, 31))
(1690, 440)的顏色 : ((31, 31, 31))
(1691, 440)的顏色 : ((31, 31, 31))
(1692, 440)的顏色 : ((31, 31, 31))
(1693, 440)的顏色 : ((31, 31, 31))
(1694, 440)的顏色 : ((31, 31, 31))
(1695, 440)的顏色 : ((31, 31, 31))
(1696, 440)的顏色 : ((31, 31, 31))
(1697, 440)的顏色 : ((31, 31, 31))
(1698, 440)的顏色 : ((31, 31, 31))
(1699, 440)的顏色 : ((31, 31, 31))
(1700, 440)的顏色 : ((31, 31, 31))
(1701, 440)的顏色 : ((31, 31, 31))
(1702, 440)的顏色 : ((31, 31, 31))
(1703, 440)的顏色 : ((31, 31, 31))
(1704, 440)的顏色 : ((31, 31, 31))
(1705, 440)的顏色 : ((31, 31, 31))
(1706, 440)的顏色 : ((31, 31, 31))
(1707, 440)的顏色 : ((31, 31, 31))
(1708, 440)的顏色 : ((31, 31, 31))
(1709, 440)的顏色 : ((31, 31, 31))
(1710, 440)的顏色 : ((31, 31, 31))
(1711, 440)的顏色 : ((31, 31, 31))
(1712, 440)的顏色 : ((31, 31, 31))
(1713, 440)的顏色 : ((31, 31, 31))
(1714, 440)的顏色 : ((31, 31, 31))
(1715, 440)的顏色 : ((31, 31, 31))
(1716, 440)的顏色 : ((31, 31, 31))
(1717, 440)的顏色 : ((31, 31, 31))
(1718, 440)的顏色 : ((31, 31, 31))
(1719, 440)的顏色 : ((31, 31, 31))
(1720, 440)的顏色 : ((31, 31, 31))
(1721, 440)的顏色 : ((31, 31, 31))
(1722, 440)的顏色 : ((31, 31, 31))
(1723, 440)的顏色 : ((31, 31, 31))
(1724, 440)的顏色 : ((31, 31, 31))
(1725, 440)的顏色 : ((31, 31, 31))
(1726, 440)的顏色 : ((31, 31, 31))
(1727, 440)的顏色 : ((31, 31, 31))
(1728, 440)的顏色 : ((31, 31, 31))
(1729, 440)的顏色 : ((31, 31, 31))
(1730, 440)的顏色 : ((31, 31, 31))
(1731, 440)的顏色 : ((31, 31, 31))
(1732, 440)的顏色 : ((31, 31, 31))
(1733, 440)的顏色 : ((31, 31, 31))
(1734, 440)的顏色 : ((31, 31, 31))
(1735, 440)的顏色 : ((31, 31, 31))
(1736, 440)的顏色 : ((31, 31, 31))
(1737, 440)的顏色 : ((31, 31, 31))
(1738, 440)的顏色 : ((31, 31, 31))
(1739, 440)的顏色 : ((31, 31, 31))
(1740, 440)的顏色 : ((31, 31, 31))
(1741, 440)的顏色 : ((31, 31, 31))
(1742, 440)的顏色 : ((31, 31, 31))
(1743, 440)的顏色 : ((31, 31, 31))
(1744, 440)的顏色 : ((31, 31, 31))
(1745, 440)的顏色 : ((31, 31, 31))
(1746, 440)的顏色 : ((31, 31, 31))
(1747, 440)的顏色 : ((31, 31, 31))
(1748, 440)的顏色 : ((31, 31, 31))
(1749, 440)的顏色 : ((31, 31, 31))
(1750, 440)的顏色 : ((31, 31, 31))
(1751, 440)的顏色 : ((31, 31, 31))
(1752, 440)的顏色 : ((31, 31, 31))
(1753, 440)的顏色 : ((31, 31, 31))
(1754, 440)的顏色 : ((31, 31, 31))
(1755, 440)的顏色 : ((31, 31, 31))
(1756, 440)的顏色 : ((31, 31, 31))
(1757, 440)的顏色 : ((31, 31, 31))
(1758, 440)的顏色 : ((31, 31, 31))
(1759, 440)的顏色 : ((31, 31, 31))
