(160, 440) : (101, 73, 107)
(161, 440) : (102, 73, 107)
(162, 440) : (99, 71, 105)
(163, 440) : (101, 73, 107)
(164, 440) : (100, 73, 106)
(165, 440) : (100, 72, 106)
(166, 440) : (101, 73, 107)
(167, 440) : (102, 74, 108)
(168, 440) : (101, 73, 106)
(169, 440) : (99, 71, 105)
(170, 440) : (100, 71, 105)
(171, 440) : (99, 71, 104)
(172, 440) : (101, 72, 106)
(173, 440) : (102, 73, 106)
(174, 440) : (100, 72, 105)
(175, 440) : (100, 70, 104)
(176, 440) : (100, 71, 104)
(177, 440) : (101, 71, 104)
(178, 440) : (99, 70, 102)
(179, 440) : (101, 71, 105)
(180, 440) : (101, 71, 104)
(181, 440) : (99, 69, 103)
(182, 440) : (102, 71, 104)
(183, 440) : (98, 68, 101)
(184, 440) : (99, 70, 103)
(185, 440) : (98, 70, 103)
(186, 440) : (96, 68, 100)
(187, 440) : (97, 68, 102)
(188, 440) : (98, 69, 100)
(189, 440) : (97, 68, 99)
(190, 440) : (98, 69, 101)
(191, 440) : (94, 66, 98)
(192, 440) : (95, 66, 98)
(193, 440) : (96, 66, 99)
(194, 440) : (98, 68, 101)
(195, 440) : (98, 68, 99)
(196, 440) : (95, 66, 97)
(197, 440) : (97, 67, 99)
(198, 440) : (96, 67, 98)
(199, 440) : (94, 66, 97)
(200, 440) : (88, 66, 99)
(201, 440) : (69, 58, 98)
(202, 440) : (51, 40, 87)
(203, 440) : (43, 31, 55)
(204, 440) : (44, 29, 47)
(205, 440) : (48, 31, 44)
(206, 440) : (49, 34, 45)
(207, 440) : (43, 30, 47)
(208, 440) : (43, 29, 45)
(209, 440) : (41, 28, 40)
(210, 440) : (40, 27, 41)
(211, 440) : (39, 27, 40)
(212, 440) : (39, 27, 41)
(213, 440) : (39, 27, 40)
(214, 440) : (38, 26, 39)
(215, 440) : (37, 26, 38)
(216, 440) : (37, 25, 39)
(217, 440) : (36, 25, 39)
(218, 440) : (34, 25, 39)
(219, 440) : (35, 25, 39)
(220, 440) : (35, 25, 38)
(221, 440) : (37, 25, 38)
(222, 440) : (41, 27, 39)
(223, 440) : (43, 28, 39)
(224, 440) : (43, 30, 43)
(225, 440) : (40, 28, 43)
(226, 440) : (40, 28, 42)
(227, 440) : (39, 27, 41)
(228, 440) : (39, 27, 40)
(229, 440) : (39, 27, 40)
(230, 440) : (39, 27, 41)
(231, 440) : (39, 27, 41)
(232, 440) : (41, 28, 41)
(233, 440) : (40, 27, 40)
(234, 440) : (41, 27, 41)
(235, 440) : (47, 29, 42)
(236, 440) : (67, 34, 47)
(237, 440) : (88, 53, 57)
(238, 440) : (92, 61, 86)
(239, 440) : (90, 60, 91)
(240, 440) : (93, 62, 93)
(241, 440) : (93, 62, 92)
(242, 440) : (93, 62, 92)
(243, 440) : (90, 60, 90)
(244, 440) : (91, 60, 90)
(245, 440) : (91, 60, 91)
(246, 440) : (92, 61, 92)
(247, 440) : (89, 59, 89)
(248, 440) : (89, 59, 89)
(249, 440) : (92, 61, 91)
(250, 440) : (89, 59, 89)
(251, 440) : (90, 59, 89)
(252, 440) : (93, 61, 92)
(253, 440) : (90, 60, 90)
(254, 440) : (90, 59, 89)
(255, 440) : (91, 59, 90)
(256, 440) : (93, 61, 91)
(257, 440) : (94, 62, 93)
(258, 440) : (93, 61, 92)
(259, 440) : (93, 60, 91)
(260, 440) : (93, 60, 91)
(261, 440) : (95, 61, 92)
(262, 440) : (93, 59, 88)
(263, 440) : (98, 62, 92)
(264, 440) : (95, 61, 92)
(265, 440) : (95, 61, 92)
(266, 440) : (96, 62, 90)
(267, 440) : (94, 61, 91)
(268, 440) : (96, 61, 93)
(269, 440) : (98, 62, 90)
(270, 440) : (97, 62, 93)
(271, 440) : (97, 61, 93)
(272, 440) : (98, 63, 93)
(273, 440) : (98, 61, 92)
(274, 440) : (101, 65, 94)
(275, 440) : (101, 64, 95)
(276, 440) : (102, 64, 94)
(277, 440) : (104, 66, 95)
(278, 440) : (101, 66, 94)
(279, 440) : (102, 65, 99)
(280, 440) : (101, 64, 95)
(281, 440) : (100, 64, 96)
(282, 440) : (101, 64, 95)
(283, 440) : (98, 62, 93)
(284, 440) : (101, 64, 96)
(285, 440) : (98, 63, 95)
(286, 440) : (95, 61, 94)
(287, 440) : (90, 60, 93)
(288, 440) : (83, 55, 88)
(289, 440) : (84, 55, 86)
(290, 440) : (82, 55, 84)
(291, 440) : (81, 54, 82)
(292, 440) : (80, 54, 82)
(293, 440) : (81, 54, 83)
(294, 440) : (78, 51, 79)
(295, 440) : (83, 54, 81)
(296, 440) : (83, 55, 82)
(297, 440) : (82, 55, 83)
(298, 440) : (82, 55, 84)
(299, 440) : (79, 52, 82)
(300, 440) : (81, 53, 82)
(301, 440) : (80, 53, 81)
(302, 440) : (80, 53, 82)
(303, 440) : (82, 54, 83)
(304, 440) : (78, 52, 80)
(305, 440) : (80, 54, 82)
(306, 440) : (79, 53, 81)
(307, 440) : (80, 52, 81)
(308, 440) : (81, 53, 82)
(309, 440) : (82, 55, 83)
(310, 440) : (81, 54, 82)
(311, 440) : (80, 54, 82)
(312, 440) : (83, 56, 85)
(313, 440) : (83, 57, 85)
(314, 440) : (80, 55, 83)
(315, 440) : (80, 55, 84)
(316, 440) : (79, 53, 82)
(317, 440) : (77, 52, 80)
(318, 440) : (80, 53, 80)
(319, 440) : (81, 55, 82)
(320, 440) : (85, 58, 86)
(321, 440) : (82, 56, 85)
(322, 440) : (81, 55, 84)
(323, 440) : (81, 55, 83)
(324, 440) : (82, 56, 85)
(325, 440) : (82, 56, 85)
(326, 440) : (80, 55, 85)
(327, 440) : (82, 56, 85)
(328, 440) : (83, 57, 86)
(329, 440) : (82, 56, 85)
(330, 440) : (81, 55, 84)
(331, 440) : (83, 56, 84)
(332, 440) : (82, 56, 84)
(333, 440) : (83, 57, 84)
(334, 440) : (87, 60, 89)
(335, 440) : (85, 59, 88)
(336, 440) : (84, 58, 88)
(337, 440) : (82, 57, 87)
(338, 440) : (81, 55, 84)
(339, 440) : (82, 56, 84)
(340, 440) : (83, 57, 85)
(341, 440) : (82, 57, 85)
(342, 440) : (83, 57, 86)
(343, 440) : (83, 57, 87)
(344, 440) : (85, 58, 88)
(345, 440) : (83, 57, 86)
(346, 440) : (83, 57, 85)
(347, 440) : (86, 60, 90)
(348, 440) : (84, 59, 88)
(349, 440) : (83, 58, 88)
(350, 440) : (84, 58, 88)
(351, 440) : (82, 57, 87)
(352, 440) : (81, 56, 86)
(353, 440) : (82, 57, 86)
(354, 440) : (87, 58, 88)
(355, 440) : (102, 64, 89)
(356, 440) : (119, 73, 90)
(357, 440) : (134, 97, 95)
(358, 440) : (109, 94, 122)
(359, 440) : (83, 67, 106)
(360, 440) : (86, 61, 91)
(361, 440) : (89, 63, 94)
(362, 440) : (90, 64, 95)
(363, 440) : (88, 63, 93)
(364, 440) : (89, 64, 97)
(365, 440) : (85, 62, 94)
(366, 440) : (83, 60, 91)
(367, 440) : (81, 59, 90)
(368, 440) : (85, 62, 94)
(369, 440) : (84, 61, 94)
(370, 440) : (81, 59, 91)
(371, 440) : (88, 60, 93)
(372, 440) : (106, 70, 92)
(373, 440) : (107, 80, 97)
(374, 440) : (83, 67, 102)
(375, 440) : (84, 61, 92)
(376, 440) : (87, 67, 96)
(377, 440) : (85, 68, 101)
(378, 440) : (88, 72, 108)
(379, 440) : (86, 71, 109)
(380, 440) : (82, 66, 106)
(381, 440) : (83, 66, 103)
(382, 440) : (87, 67, 106)
(383, 440) : (93, 66, 101)
(384, 440) : (105, 76, 101)
(385, 440) : (94, 68, 100)
(386, 440) : (98, 70, 91)
(387, 440) : (98, 73, 97)
(388, 440) : (100, 75, 98)
(389, 440) : (91, 72, 102)
(390, 440) : (92, 69, 101)
(391, 440) : (90, 66, 95)
(392, 440) : (90, 66, 94)
(393, 440) : (90, 66, 95)
(394, 440) : (92, 68, 97)
(395, 440) : (94, 70, 98)
(396, 440) : (96, 70, 97)
(397, 440) : (97, 71, 97)
(398, 440) : (111, 76, 98)
(399, 440) : (110, 78, 101)
(400, 440) : (97, 76, 101)
(401, 440) : (89, 71, 95)
(402, 440) : (74, 62, 95)
(403, 440) : (82, 58, 86)
(404, 440) : (108, 70, 88)
(405, 440) : (90, 69, 100)
(406, 440) : (78, 61, 90)
(407, 440) : (86, 63, 89)
(408, 440) : (90, 66, 94)
(409, 440) : (85, 66, 97)
(410, 440) : (85, 65, 96)
(411, 440) : (83, 63, 93)
(412, 440) : (84, 65, 95)
(413, 440) : (82, 64, 94)
(414, 440) : (81, 62, 93)
(415, 440) : (91, 65, 92)
(416, 440) : (104, 71, 91)
(417, 440) : (95, 72, 101)
(418, 440) : (81, 64, 94)
(419, 440) : (79, 62, 90)
(420, 440) : (80, 62, 90)
(421, 440) : (82, 64, 92)
(422, 440) : (81, 63, 92)
(423, 440) : (77, 61, 91)
(424, 440) : (79, 63, 92)
(425, 440) : (80, 63, 92)
(426, 440) : (77, 61, 89)
(427, 440) : (78, 62, 91)
(428, 440) : (76, 60, 89)
(429, 440) : (80, 62, 91)
(430, 440) : (79, 62, 91)
(431, 440) : (80, 62, 92)
(432, 440) : (77, 60, 89)
(433, 440) : (77, 61, 90)
(434, 440) : (76, 61, 89)
(435, 440) : (77, 61, 89)
(436, 440) : (76, 61, 90)
(437, 440) : (77, 61, 91)
(438, 440) : (73, 59, 87)
(439, 440) : (76, 61, 90)
(440, 440) : (75, 60, 89)
(441, 440) : (77, 61, 90)
(442, 440) : (78, 62, 91)
(443, 440) : (74, 59, 90)
(444, 440) : (75, 60, 90)
(445, 440) : (75, 59, 89)
(446, 440) : (75, 60, 90)
(447, 440) : (76, 61, 95)
(448, 440) : (76, 62, 96)
(449, 440) : (74, 61, 95)
(450, 440) : (78, 63, 97)
(451, 440) : (74, 60, 95)
(452, 440) : (73, 60, 96)
(453, 440) : (74, 61, 96)
(454, 440) : (75, 62, 100)
(455, 440) : (74, 61, 99)
(456, 440) : (72, 60, 97)
(457, 440) : (73, 61, 98)
(458, 440) : (73, 60, 98)
(459, 440) : (74, 61, 97)
(460, 440) : (75, 62, 99)
(461, 440) : (74, 61, 98)
(462, 440) : (74, 62, 100)
(463, 440) : (73, 61, 98)
(464, 440) : (72, 60, 96)
(465, 440) : (72, 60, 96)
(466, 440) : (72, 60, 96)
(467, 440) : (75, 62, 99)
(468, 440) : (75, 62, 99)
(469, 440) : (72, 60, 96)
(470, 440) : (74, 62, 99)
(471, 440) : (72, 60, 95)
(472, 440) : (72, 60, 97)
(473, 440) : (75, 62, 100)
(474, 440) : (73, 61, 97)
(475, 440) : (73, 61, 97)
(476, 440) : (76, 63, 101)
(477, 440) : (75, 62, 99)
(478, 440) : (74, 62, 98)
(479, 440) : (75, 62, 98)
(480, 440) : (78, 64, 101)
(481, 440) : (78, 64, 101)
(482, 440) : (79, 64, 101)
(483, 440) : (77, 62, 98)
(484, 440) : (78, 63, 98)
(485, 440) : (78, 63, 98)
(486, 440) : (79, 64, 100)
(487, 440) : (78, 63, 99)
(488, 440) : (75, 62, 100)
(489, 440) : (69, 58, 93)
(490, 440) : (70, 59, 93)
(491, 440) : (67, 56, 91)
(492, 440) : (68, 56, 90)
(493, 440) : (70, 57, 92)
(494, 440) : (74, 58, 89)
(495, 440) : (74, 59, 91)
(496, 440) : (76, 59, 89)
(497, 440) : (90, 70, 89)
(498, 440) : (101, 81, 112)
(499, 440) : (102, 78, 110)
(500, 440) : (111, 78, 101)
(501, 440) : (102, 76, 113)
(502, 440) : (92, 70, 107)
(503, 440) : (87, 62, 95)
(504, 440) : (86, 60, 90)
(505, 440) : (87, 59, 89)
(506, 440) : (89, 60, 89)
(507, 440) : (94, 62, 92)
(508, 440) : (107, 67, 91)
(509, 440) : (218, 129, 95)
(510, 440) : (223, 164, 144)
(511, 440) : (241, 181, 134)
(512, 440) : (239, 192, 160)
(513, 440) : (239, 187, 144)
(514, 440) : (216, 174, 152)
(515, 440) : (233, 165, 132)
(516, 440) : (226, 171, 143)
(517, 440) : (221, 159, 133)
(518, 440) : (222, 158, 125)
(519, 440) : (227, 163, 132)
(520, 440) : (233, 173, 131)
(521, 440) : (208, 158, 140)
(522, 440) : (204, 136, 114)
(523, 440) : (197, 130, 112)
(524, 440) : (208, 137, 110)
(525, 440) : (230, 159, 123)
(526, 440) : (233, 172, 131)
(527, 440) : (227, 171, 140)
(528, 440) : (218, 157, 128)
(529, 440) : (209, 146, 122)
(530, 440) : (211, 143, 120)
(531, 440) : (191, 134, 116)
(532, 440) : (222, 144, 114)
(533, 440) : (237, 175, 128)
(534, 440) : (226, 174, 145)
(535, 440) : (231, 168, 126)
(536, 440) : (217, 163, 142)
(537, 440) : (220, 149, 113)
(538, 440) : (219, 156, 132)
(539, 440) : (229, 160, 119)
(540, 440) : (232, 173, 134)
(541, 440) : (236, 183, 142)
(542, 440) : (223, 176, 150)
(543, 440) : (211, 151, 128)
(544, 440) : (216, 147, 122)
(545, 440) : (220, 152, 124)
(546, 440) : (205, 148, 127)
(547, 440) : (212, 144, 121)
(548, 440) : (237, 173, 127)
(549, 440) : (225, 175, 150)
(550, 440) : (233, 167, 125)
(551, 440) : (211, 162, 142)
(552, 440) : (209, 140, 117)
(553, 440) : (217, 149, 123)
(554, 440) : (223, 156, 124)
(555, 440) : (228, 166, 131)
(556, 440) : (231, 174, 136)
(557, 440) : (227, 171, 142)
(558, 440) : (228, 164, 132)
(559, 440) : (218, 156, 129)
(560, 440) : (224, 153, 122)
(561, 440) : (228, 164, 126)
(562, 440) : (225, 166, 137)
(563, 440) : (233, 171, 131)
(564, 440) : (221, 168, 142)
(565, 440) : (216, 152, 122)
(566, 440) : (217, 154, 132)
(567, 440) : (233, 161, 121)
(568, 440) : (228, 169, 137)
(569, 440) : (228, 167, 133)
(570, 440) : (230, 169, 134)
(571, 440) : (230, 172, 138)
(572, 440) : (227, 172, 144)
(573, 440) : (218, 154, 129)
(574, 440) : (207, 146, 132)
(575, 440) : (223, 149, 134)
(576, 440) : (234, 169, 136)
(577, 440) : (229, 175, 152)
(578, 440) : (236, 178, 143)
(579, 440) : (234, 184, 157)
(580, 440) : (235, 178, 142)
(581, 440) : (218, 170, 154)
(582, 440) : (212, 145, 130)
(583, 440) : (209, 146, 134)
(584, 440) : (217, 150, 131)
(585, 440) : (233, 169, 138)
(586, 440) : (237, 188, 154)
(587, 440) : (236, 185, 155)
(588, 440) : (230, 175, 145)
(589, 440) : (222, 163, 141)
(590, 440) : (227, 160, 133)
(591, 440) : (233, 174, 142)
(592, 440) : (227, 173, 146)
(593, 440) : (232, 174, 140)
(594, 440) : (228, 178, 158)
(595, 440) : (234, 171, 137)
(596, 440) : (222, 173, 151)
(597, 440) : (218, 157, 139)
(598, 440) : (225, 158, 137)
(599, 440) : (234, 173, 138)
(600, 440) : (237, 189, 154)
(601, 440) : (235, 190, 160)
(602, 440) : (232, 180, 154)
(603, 440) : (222, 167, 147)
(604, 440) : (214, 154, 137)
(605, 440) : (220, 158, 141)
(606, 440) : (232, 170, 138)
(607, 440) : (232, 183, 157)
(608, 440) : (239, 187, 147)
(609, 440) : (230, 192, 167)
(610, 440) : (227, 173, 143)
(611, 440) : (182, 155, 153)
(612, 440) : (135, 100, 107)
(613, 440) : (109, 81, 85)
(614, 440) : (104, 74, 87)
(615, 440) : (101, 72, 84)
(616, 440) : (102, 73, 79)
(617, 440) : (101, 75, 83)
(618, 440) : (100, 75, 91)
(619, 440) : (99, 74, 93)
(620, 440) : (96, 72, 87)
(621, 440) : (92, 69, 86)
(622, 440) : (94, 70, 81)
(623, 440) : (93, 72, 83)
(624, 440) : (93, 72, 81)
(625, 440) : (89, 68, 82)
(626, 440) : (89, 68, 78)
(627, 440) : (90, 70, 86)
(628, 440) : (87, 68, 87)
(629, 440) : (89, 70, 84)
(630, 440) : (87, 68, 81)
(631, 440) : (87, 68, 76)
(632, 440) : (87, 68, 77)
(633, 440) : (86, 68, 79)
(634, 440) : (84, 67, 83)
(635, 440) : (81, 66, 81)
(636, 440) : (80, 65, 82)
(637, 440) : (80, 65, 73)
(638, 440) : (81, 66, 79)
(639, 440) : (80, 64, 72)
(640, 440) : (80, 65, 83)
(641, 440) : (92, 73, 74)
(642, 440) : (97, 84, 103)
(643, 440) : (84, 75, 98)
(644, 440) : (80, 66, 84)
(645, 440) : (77, 63, 76)
(646, 440) : (79, 65, 74)
(647, 440) : (80, 65, 72)
(648, 440) : (80, 66, 81)
(649, 440) : (84, 68, 88)
(650, 440) : (98, 79, 83)
(651, 440) : (110, 98, 98)
(652, 440) : (98, 95, 105)
(653, 440) : (87, 76, 93)
(654, 440) : (86, 68, 71)
(655, 440) : (89, 71, 87)
(656, 440) : (88, 70, 83)
(657, 440) : (89, 73, 93)
(658, 440) : (88, 70, 81)
(659, 440) : (91, 73, 89)
(660, 440) : (87, 71, 85)
(661, 440) : (89, 71, 79)
(662, 440) : (88, 71, 86)
(663, 440) : (91, 73, 87)
(664, 440) : (92, 75, 92)
(665, 440) : (90, 75, 86)
(666, 440) : (89, 75, 87)
(667, 440) : (91, 77, 86)
(668, 440) : (86, 70, 84)
(669, 440) : (89, 71, 77)
(670, 440) : (90, 73, 91)
(671, 440) : (89, 73, 90)
(672, 440) : (90, 73, 94)
(673, 440) : (88, 71, 83)
(674, 440) : (90, 72, 86)
(675, 440) : (93, 74, 80)
(676, 440) : (104, 80, 86)
(677, 440) : (106, 84, 110)
(678, 440) : (103, 82, 117)
(679, 440) : (105, 83, 119)
(680, 440) : (106, 84, 120)
(681, 440) : (106, 83, 118)
(682, 440) : (110, 85, 121)
(683, 440) : (111, 86, 122)
(684, 440) : (110, 86, 122)
(685, 440) : (109, 85, 121)
(686, 440) : (111, 87, 124)
(687, 440) : (113, 87, 125)
(688, 440) : (113, 87, 122)
(689, 440) : (111, 86, 122)
(690, 440) : (111, 86, 124)
(691, 440) : (111, 86, 122)
(692, 440) : (113, 88, 124)
(693, 440) : (110, 86, 123)
(694, 440) : (113, 88, 124)
(695, 440) : (112, 87, 123)
(696, 440) : (113, 88, 126)
(697, 440) : (112, 87, 125)
(698, 440) : (110, 85, 121)
(699, 440) : (112, 87, 125)
(700, 440) : (104, 83, 120)
(701, 440) : (94, 77, 101)
(702, 440) : (89, 74, 94)
(703, 440) : (87, 72, 81)
(704, 440) : (89, 72, 87)
(705, 440) : (85, 68, 76)
(706, 440) : (86, 67, 68)
(707, 440) : (105, 85, 79)
(708, 440) : (119, 107, 113)
(709, 440) : (113, 94, 114)
(710, 440) : (107, 84, 119)
(711, 440) : (103, 82, 119)
(712, 440) : (101, 80, 118)
(713, 440) : (101, 80, 118)
(714, 440) : (102, 81, 118)
(715, 440) : (103, 82, 120)
(716, 440) : (101, 80, 117)
(717, 440) : (104, 82, 119)
(718, 440) : (103, 81, 118)
(719, 440) : (103, 81, 118)
(720, 440) : (105, 83, 121)
(721, 440) : (101, 80, 118)
(722, 440) : (104, 82, 120)
(723, 440) : (102, 81, 117)
(724, 440) : (102, 81, 119)
(725, 440) : (103, 81, 118)
(726, 440) : (104, 82, 120)
(727, 440) : (102, 80, 116)
(728, 440) : (105, 82, 118)
(729, 440) : (104, 81, 119)
(730, 440) : (104, 81, 119)
(731, 440) : (104, 81, 119)
(732, 440) : (105, 83, 121)
(733, 440) : (102, 80, 117)
(734, 440) : (104, 82, 120)
(735, 440) : (103, 82, 119)
(736, 440) : (103, 81, 119)
(737, 440) : (104, 82, 120)
(738, 440) : (99, 78, 115)
(739, 440) : (100, 80, 116)
(740, 440) : (97, 77, 114)
(741, 440) : (99, 77, 114)
(742, 440) : (104, 82, 119)
(743, 440) : (102, 80, 118)
(744, 440) : (102, 81, 118)
(745, 440) : (100, 79, 116)
(746, 440) : (123, 91, 119)
(747, 440) : (130, 106, 135)
(748, 440) : (107, 86, 121)
(749, 440) : (97, 76, 112)
(750, 440) : (97, 76, 112)
(751, 440) : (95, 75, 111)
(752, 440) : (97, 76, 113)
(753, 440) : (97, 77, 113)
(754, 440) : (99, 77, 112)
(755, 440) : (101, 78, 113)
(756, 440) : (96, 75, 109)
(757, 440) : (96, 74, 108)
(758, 440) : (98, 76, 112)
(759, 440) : (98, 77, 112)
(760, 440) : (99, 77, 113)
(761, 440) : (100, 77, 114)
(762, 440) : (97, 76, 112)
(763, 440) : (96, 75, 110)
(764, 440) : (97, 75, 111)
(765, 440) : (100, 78, 113)
(766, 440) : (100, 77, 111)
(767, 440) : (113, 85, 114)
(768, 440) : (133, 103, 130)
(769, 440) : (125, 103, 134)
(770, 440) : (101, 79, 114)
(771, 440) : (99, 77, 114)
(772, 440) : (97, 75, 112)
(773, 440) : (97, 76, 112)
(774, 440) : (98, 76, 113)
(775, 440) : (99, 77, 113)
(776, 440) : (97, 75, 110)
(777, 440) : (100, 77, 112)
(778, 440) : (98, 76, 110)
(779, 440) : (100, 77, 112)
(780, 440) : (99, 76, 110)
(781, 440) : (102, 78, 114)
(782, 440) : (99, 76, 111)
(783, 440) : (102, 78, 112)
(784, 440) : (100, 76, 111)
(785, 440) : (99, 75, 110)
(786, 440) : (109, 80, 114)
(787, 440) : (118, 86, 125)
(788, 440) : (118, 86, 124)
(789, 440) : (115, 85, 122)
(790, 440) : (118, 87, 126)
(791, 440) : (118, 86, 125)
(792, 440) : (119, 86, 124)
(793, 440) : (119, 87, 125)
(794, 440) : (116, 85, 122)
(795, 440) : (119, 87, 125)
(796, 440) : (115, 84, 122)
(797, 440) : (117, 85, 123)
(798, 440) : (115, 84, 122)
(799, 440) : (117, 85, 123)
(800, 440) : (121, 87, 124)
(801, 440) : (123, 88, 123)
(802, 440) : (122, 88, 121)
(803, 440) : (123, 89, 121)
(804, 440) : (121, 87, 121)
(805, 440) : (123, 90, 122)
(806, 440) : (121, 87, 120)
(807, 440) : (126, 89, 122)
(808, 440) : (132, 95, 125)
(809, 440) : (130, 92, 122)
(810, 440) : (131, 94, 125)
(811, 440) : (125, 90, 122)
(812, 440) : (120, 86, 120)
(813, 440) : (119, 86, 121)
(814, 440) : (118, 86, 120)
(815, 440) : (116, 84, 118)
(816, 440) : (120, 86, 119)
(817, 440) : (120, 87, 119)
(818, 440) : (119, 85, 118)
(819, 440) : (124, 88, 120)
(820, 440) : (124, 88, 121)
(821, 440) : (117, 83, 117)
(822, 440) : (119, 85, 120)
(823, 440) : (117, 84, 119)
(824, 440) : (117, 83, 117)
(825, 440) : (117, 83, 118)
(826, 440) : (117, 83, 118)
(827, 440) : (116, 82, 117)
(828, 440) : (117, 83, 118)
(829, 440) : (117, 83, 118)
(830, 440) : (116, 81, 117)
(831, 440) : (117, 82, 116)
(832, 440) : (118, 83, 118)
(833, 440) : (115, 81, 115)
(834, 440) : (115, 80, 115)
(835, 440) : (117, 82, 117)
(836, 440) : (113, 79, 114)
(837, 440) : (113, 79, 114)
(838, 440) : (114, 80, 113)
(839, 440) : (117, 81, 117)
(840, 440) : (115, 80, 114)
(841, 440) : (113, 78, 112)
(842, 440) : (114, 77, 110)
(843, 440) : (115, 77, 108)
(844, 440) : (117, 78, 106)
(845, 440) : (119, 81, 111)
(846, 440) : (120, 83, 110)
(847, 440) : (121, 83, 109)
(848, 440) : (120, 82, 109)
(849, 440) : (120, 80, 106)
(850, 440) : (121, 79, 105)
(851, 440) : (117, 76, 106)
(852, 440) : (120, 78, 107)
(853, 440) : (118, 77, 111)
(854, 440) : (117, 78, 111)
(855, 440) : (117, 78, 112)
(856, 440) : (113, 76, 109)
(857, 440) : (115, 77, 111)
(858, 440) : (119, 79, 109)
(859, 440) : (147, 107, 126)
(860, 440) : (151, 113, 128)
(861, 440) : (116, 78, 109)
(862, 440) : (114, 76, 108)
(863, 440) : (116, 77, 110)
(864, 440) : (115, 76, 109)
(865, 440) : (114, 76, 108)
(866, 440) : (113, 75, 106)
(867, 440) : (115, 76, 106)
(868, 440) : (116, 78, 108)
(869, 440) : (120, 80, 111)
(870, 440) : (119, 80, 110)
(871, 440) : (118, 78, 109)
(872, 440) : (118, 78, 107)
(873, 440) : (120, 79, 111)
(874, 440) : (120, 79, 110)
(875, 440) : (116, 77, 106)
(876, 440) : (121, 80, 109)
(877, 440) : (123, 82, 110)
(878, 440) : (128, 82, 108)
(879, 440) : (132, 85, 108)
(880, 440) : (141, 91, 111)
(881, 440) : (138, 88, 108)
(882, 440) : (137, 87, 105)
(883, 440) : (149, 98, 114)
(884, 440) : (147, 94, 111)
(885, 440) : (149, 95, 111)
(886, 440) : (150, 96, 111)
(887, 440) : (149, 96, 111)
(888, 440) : (150, 97, 113)
(889, 440) : (148, 93, 111)
(890, 440) : (151, 97, 110)
(891, 440) : (152, 98, 112)
(892, 440) : (149, 95, 107)
(893, 440) : (157, 101, 111)
(894, 440) : (152, 97, 109)
(895, 440) : (148, 93, 109)
(896, 440) : (142, 90, 106)
(897, 440) : (142, 90, 107)
(898, 440) : (138, 87, 106)
(899, 440) : (134, 85, 103)
(900, 440) : (136, 86, 102)
(901, 440) : (139, 88, 105)
(902, 440) : (138, 91, 110)
(903, 440) : (143, 102, 122)
(904, 440) : (144, 99, 116)
(905, 440) : (144, 98, 114)
(906, 440) : (139, 94, 112)
(907, 440) : (135, 90, 105)
(908, 440) : (139, 97, 108)
(909, 440) : (147, 111, 115)
(910, 440) : (150, 113, 126)
(911, 440) : (153, 103, 130)
(912, 440) : (153, 99, 116)
(913, 440) : (153, 97, 107)
(914, 440) : (143, 90, 96)
(915, 440) : (142, 88, 92)
(916, 440) : (185, 127, 109)
(917, 440) : (223, 169, 129)
(918, 440) : (227, 173, 127)
(919, 440) : (223, 150, 101)
(920, 440) : (221, 144, 96)
(921, 440) : (227, 158, 110)
(922, 440) : (221, 152, 111)
(923, 440) : (233, 172, 125)
(924, 440) : (239, 189, 140)
(925, 440) : (232, 167, 121)
(926, 440) : (226, 153, 107)
(927, 440) : (217, 140, 101)
(928, 440) : (227, 163, 122)
(929, 440) : (230, 171, 130)
(930, 440) : (221, 158, 126)
(931, 440) : (227, 170, 132)
(932, 440) : (230, 169, 125)
(933, 440) : (225, 156, 115)
(934, 440) : (213, 141, 102)
(935, 440) : (208, 132, 94)
(936, 440) : (190, 119, 91)
(937, 440) : (182, 119, 88)
(938, 440) : (136, 83, 64)
(939, 440) : (123, 73, 57)
(940, 440) : (101, 64, 64)
(941, 440) : (96, 62, 67)
(942, 440) : (97, 63, 71)
(943, 440) : (94, 61, 66)
(944, 440) : (97, 64, 65)
(945, 440) : (93, 61, 60)
(946, 440) : (92, 62, 58)
(947, 440) : (89, 60, 58)
(948, 440) : (88, 58, 60)
(949, 440) : (93, 61, 72)
(950, 440) : (94, 64, 73)
(951, 440) : (94, 65, 70)
(952, 440) : (91, 63, 64)
(953, 440) : (91, 63, 61)
(954, 440) : (89, 62, 60)
(955, 440) : (91, 63, 64)
(956, 440) : (89, 61, 63)
(957, 440) : (89, 59, 66)
(958, 440) : (91, 60, 70)
(959, 440) : (93, 61, 71)
(960, 440) : (88, 60, 64)
(961, 440) : (92, 66, 68)
(962, 440) : (100, 78, 79)
(963, 440) : (105, 84, 86)
(964, 440) : (95, 73, 78)
(965, 440) : (93, 67, 73)
(966, 440) : (89, 63, 65)
(967, 440) : (92, 64, 65)
(968, 440) : (91, 65, 63)
(969, 440) : (94, 70, 64)
(970, 440) : (98, 73, 69)
(971, 440) : (103, 80, 82)
(972, 440) : (115, 100, 101)
(973, 440) : (95, 76, 74)
(974, 440) : (94, 70, 66)
(975, 440) : (93, 69, 65)
(976, 440) : (91, 67, 61)
(977, 440) : (75, 54, 52)
(978, 440) : (67, 49, 50)
(979, 440) : (65, 48, 50)
(980, 440) : (64, 48, 48)
(981, 440) : (66, 49, 52)
(982, 440) : (75, 56, 59)
(983, 440) : (85, 63, 63)
(984, 440) : (86, 63, 61)
(985, 440) : (90, 67, 67)
(986, 440) : (86, 62, 66)
(987, 440) : (86, 66, 69)
(988, 440) : (92, 69, 70)
(989, 440) : (90, 66, 64)
(990, 440) : (85, 62, 61)
(991, 440) : (85, 63, 56)
(992, 440) : (81, 61, 63)
(993, 440) : (86, 63, 65)
(994, 440) : (88, 64, 74)
(995, 440) : (85, 63, 60)
(996, 440) : (85, 63, 61)
(997, 440) : (85, 62, 59)
(998, 440) : (80, 55, 57)
(999, 440) : (76, 54, 52)
(1000, 440) : (74, 54, 52)
(1001, 440) : (79, 56, 59)
(1002, 440) : (88, 62, 69)
(1003, 440) : (85, 57, 65)
(1004, 440) : (90, 65, 73)
(1005, 440) : (88, 66, 70)
(1006, 440) : (86, 65, 63)
(1007, 440) : (85, 64, 69)
(1008, 440) : (87, 65, 70)
(1009, 440) : (93, 71, 77)
(1010, 440) : (89, 67, 66)
(1011, 440) : (89, 64, 71)
(1012, 440) : (87, 62, 68)
(1013, 440) : (84, 62, 61)
(1014, 440) : (86, 66, 59)
(1015, 440) : (88, 67, 67)
(1016, 440) : (89, 68, 70)
(1017, 440) : (88, 66, 65)
(1018, 440) : (86, 65, 60)
(1019, 440) : (84, 63, 59)
(1020, 440) : (84, 64, 58)
(1021, 440) : (85, 67, 59)
(1022, 440) : (92, 72, 73)
(1023, 440) : (92, 69, 71)
(1024, 440) : (82, 57, 60)
(1025, 440) : (87, 65, 71)
(1026, 440) : (88, 64, 76)
(1027, 440) : (87, 64, 71)
(1028, 440) : (91, 70, 67)
(1029, 440) : (90, 71, 67)
(1030, 440) : (90, 70, 70)
(1031, 440) : (91, 68, 73)
(1032, 440) : (88, 64, 69)
(1033, 440) : (90, 65, 64)
(1034, 440) : (89, 66, 62)
(1035, 440) : (89, 66, 57)
(1036, 440) : (93, 74, 61)
(1037, 440) : (95, 73, 67)
(1038, 440) : (99, 74, 70)
(1039, 440) : (98, 72, 77)
(1040, 440) : (102, 75, 76)
(1041, 440) : (95, 70, 61)
(1042, 440) : (98, 75, 62)
(1043, 440) : (94, 74, 59)
(1044, 440) : (92, 72, 58)
(1045, 440) : (92, 69, 67)
(1046, 440) : (97, 73, 69)
(1047, 440) : (96, 72, 64)
(1048, 440) : (99, 75, 64)
(1049, 440) : (100, 77, 70)
(1050, 440) : (103, 78, 74)
(1051, 440) : (107, 82, 73)
(1052, 440) : (103, 78, 76)
(1053, 440) : (101, 76, 73)
(1054, 440) : (99, 72, 82)
(1055, 440) : (95, 70, 77)
(1056, 440) : (101, 77, 77)
(1057, 440) : (105, 82, 77)
(1058, 440) : (104, 82, 75)
(1059, 440) : (108, 85, 78)
(1060, 440) : (106, 82, 81)
(1061, 440) : (102, 77, 82)
(1062, 440) : (101, 76, 82)
(1063, 440) : (97, 73, 82)
(1064, 440) : (100, 76, 81)
(1065, 440) : (99, 77, 79)
(1066, 440) : (100, 80, 73)
(1067, 440) : (100, 79, 80)
(1068, 440) : (96, 77, 75)
(1069, 440) : (92, 69, 78)
(1070, 440) : (93, 72, 79)
(1071, 440) : (93, 73, 78)
(1072, 440) : (101, 80, 79)
(1073, 440) : (103, 82, 77)
(1074, 440) : (103, 82, 79)
(1075, 440) : (105, 82, 84)
(1076, 440) : (102, 80, 85)
(1077, 440) : (102, 78, 84)
(1078, 440) : (98, 76, 81)
(1079, 440) : (100, 78, 76)
(1080, 440) : (100, 79, 79)
(1081, 440) : (100, 78, 73)
(1082, 440) : (102, 79, 85)
(1083, 440) : (101, 78, 81)
(1084, 440) : (104, 81, 89)
(1085, 440) : (105, 83, 87)
(1086, 440) : (104, 80, 83)
(1087, 440) : (98, 77, 74)
(1088, 440) : (98, 78, 74)
(1089, 440) : (105, 87, 82)
(1090, 440) : (105, 83, 82)
(1091, 440) : (98, 76, 81)
(1092, 440) : (98, 76, 80)
(1093, 440) : (95, 74, 80)
(1094, 440) : (99, 77, 78)
(1095, 440) : (97, 76, 77)
(1096, 440) : (95, 75, 69)
(1097, 440) : (99, 77, 80)
(1098, 440) : (99, 76, 82)
(1099, 440) : (100, 76, 86)
(1100, 440) : (101, 78, 81)
(1101, 440) : (103, 81, 82)
(1102, 440) : (103, 82, 77)
(1103, 440) : (108, 87, 78)
(1104, 440) : (109, 86, 80)
(1105, 440) : (104, 82, 81)
(1106, 440) : (107, 84, 86)
(1107, 440) : (110, 85, 91)
(1108, 440) : (111, 86, 89)
(1109, 440) : (111, 87, 84)
(1110, 440) : (110, 87, 83)
(1111, 440) : (108, 86, 77)
(1112, 440) : (106, 84, 81)
(1113, 440) : (104, 83, 79)
(1114, 440) : (104, 82, 88)
(1115, 440) : (104, 81, 86)
(1116, 440) : (106, 84, 85)
(1117, 440) : (103, 82, 76)
(1118, 440) : (102, 81, 78)
(1119, 440) : (103, 83, 83)
(1120, 440) : (103, 82, 81)
(1121, 440) : (99, 78, 84)
(1122, 440) : (103, 81, 87)
(1123, 440) : (98, 77, 82)
(1124, 440) : (96, 76, 77)
(1125, 440) : (92, 73, 76)
(1126, 440) : (93, 74, 68)
(1127, 440) : (93, 74, 79)
(1128, 440) : (93, 72, 78)
(1129, 440) : (96, 74, 87)
(1130, 440) : (95, 74, 81)
(1131, 440) : (92, 73, 80)
(1132, 440) : (93, 73, 77)
(1133, 440) : (91, 74, 72)
(1134, 440) : (91, 74, 78)
(1135, 440) : (96, 76, 84)
(1136, 440) : (95, 74, 84)
(1137, 440) : (93, 74, 80)
(1138, 440) : (92, 73, 79)
(1139, 440) : (94, 74, 78)
(1140, 440) : (93, 74, 78)
(1141, 440) : (94, 75, 77)
(1142, 440) : (96, 75, 83)
(1143, 440) : (96, 75, 79)
(1144, 440) : (100, 79, 88)
(1145, 440) : (103, 81, 86)
(1146, 440) : (104, 82, 86)
(1147, 440) : (104, 79, 96)
(1148, 440) : (106, 76, 103)
(1149, 440) : (105, 75, 101)
(1150, 440) : (106, 76, 104)
(1151, 440) : (104, 73, 100)
(1152, 440) : (105, 75, 102)
(1153, 440) : (102, 72, 99)
(1154, 440) : (103, 73, 101)
(1155, 440) : (107, 76, 104)
(1156, 440) : (104, 74, 102)
(1157, 440) : (104, 74, 102)
(1158, 440) : (107, 76, 104)
(1159, 440) : (104, 74, 103)
(1160, 440) : (106, 75, 106)
(1161, 440) : (102, 72, 101)
(1162, 440) : (105, 75, 105)
(1163, 440) : (102, 72, 103)
(1164, 440) : (103, 74, 103)
(1165, 440) : (107, 77, 107)
(1166, 440) : (105, 74, 105)
(1167, 440) : (106, 75, 106)
(1168, 440) : (106, 76, 105)
(1169, 440) : (107, 76, 107)
(1170, 440) : (106, 76, 107)
(1171, 440) : (104, 75, 105)
(1172, 440) : (106, 76, 107)
(1173, 440) : (105, 75, 108)
(1174, 440) : (107, 77, 107)
(1175, 440) : (105, 76, 106)
(1176, 440) : (106, 77, 108)
(1177, 440) : (108, 77, 110)
(1178, 440) : (106, 75, 107)
(1179, 440) : (109, 77, 111)
(1180, 440) : (111, 78, 113)
(1181, 440) : (110, 78, 111)
(1182, 440) : (108, 77, 109)
(1183, 440) : (108, 77, 110)
(1184, 440) : (109, 77, 111)
(1185, 440) : (110, 78, 111)
(1186, 440) : (107, 76, 111)
(1187, 440) : (105, 75, 109)
(1188, 440) : (109, 78, 112)
(1189, 440) : (108, 77, 111)
(1190, 440) : (108, 77, 112)
(1191, 440) : (109, 78, 112)
(1192, 440) : (107, 76, 111)
(1193, 440) : (109, 78, 111)
(1194, 440) : (106, 76, 109)
(1195, 440) : (110, 79, 114)
(1196, 440) : (110, 79, 114)
(1197, 440) : (109, 78, 112)
(1198, 440) : (110, 80, 116)
(1199, 440) : (108, 77, 111)
(1200, 440) : (109, 78, 113)
(1201, 440) : (107, 77, 111)
(1202, 440) : (110, 80, 114)
(1203, 440) : (108, 78, 112)
(1204, 440) : (107, 78, 113)
(1205, 440) : (109, 79, 114)
(1206, 440) : (106, 77, 109)
(1207, 440) : (107, 78, 113)
(1208, 440) : (105, 77, 111)
(1209, 440) : (108, 79, 114)
(1210, 440) : (107, 79, 113)
(1211, 440) : (107, 79, 114)
(1212, 440) : (109, 80, 115)
(1213, 440) : (110, 81, 116)
(1214, 440) : (109, 80, 114)
(1215, 440) : (113, 82, 117)
(1216, 440) : (113, 82, 118)
(1217, 440) : (112, 82, 117)
(1218, 440) : (112, 82, 117)
(1219, 440) : (113, 82, 119)
(1220, 440) : (115, 83, 120)
(1221, 440) : (111, 81, 117)
(1222, 440) : (115, 83, 120)
(1223, 440) : (113, 82, 118)
(1224, 440) : (112, 81, 118)
(1225, 440) : (111, 81, 116)
(1226, 440) : (112, 82, 118)
(1227, 440) : (113, 83, 119)
(1228, 440) : (115, 84, 121)
(1229, 440) : (113, 82, 118)
(1230, 440) : (111, 81, 117)
(1231, 440) : (115, 84, 120)
(1232, 440) : (115, 84, 121)
(1233, 440) : (115, 84, 120)
(1234, 440) : (111, 81, 117)
(1235, 440) : (113, 82, 118)
(1236, 440) : (115, 84, 120)
(1237, 440) : (114, 83, 119)
(1238, 440) : (111, 82, 118)
(1239, 440) : (112, 82, 118)
(1240, 440) : (111, 81, 117)
(1241, 440) : (112, 82, 117)
(1242, 440) : (113, 83, 118)
(1243, 440) : (112, 81, 116)
(1244, 440) : (115, 83, 119)
(1245, 440) : (113, 82, 118)
(1246, 440) : (112, 82, 117)
(1247, 440) : (114, 82, 118)
(1248, 440) : (113, 82, 117)
(1249, 440) : (111, 80, 115)
(1250, 440) : (111, 80, 116)
(1251, 440) : (100, 73, 105)
(1252, 440) : (88, 70, 106)
(1253, 440) : (86, 69, 106)
(1254, 440) : (85, 67, 103)
(1255, 440) : (83, 66, 101)
(1256, 440) : (84, 67, 104)
(1257, 440) : (82, 64, 97)
(1258, 440) : (79, 63, 98)
(1259, 440) : (77, 62, 97)
(1260, 440) : (75, 61, 96)
(1261, 440) : (74, 60, 95)
(1262, 440) : (75, 60, 96)
(1263, 440) : (75, 61, 96)
(1264, 440) : (78, 62, 97)
(1265, 440) : (73, 59, 94)
(1266, 440) : (77, 62, 97)
(1267, 440) : (75, 61, 97)
(1268, 440) : (77, 62, 98)
(1269, 440) : (78, 62, 98)
(1270, 440) : (78, 62, 96)
(1271, 440) : (75, 60, 94)
(1272, 440) : (70, 57, 90)
(1273, 440) : (71, 58, 92)
(1274, 440) : (67, 55, 89)
(1275, 440) : (69, 56, 89)
(1276, 440) : (69, 57, 91)
(1277, 440) : (68, 56, 89)
(1278, 440) : (67, 55, 87)
(1279, 440) : (71, 58, 94)
(1280, 440) : (74, 59, 93)
(1281, 440) : (80, 63, 96)
(1282, 440) : (84, 66, 99)
(1283, 440) : (89, 67, 97)
(1284, 440) : (86, 64, 96)
(1285, 440) : (88, 67, 98)
(1286, 440) : (89, 68, 99)
(1287, 440) : (86, 65, 95)
(1288, 440) : (87, 67, 97)
(1289, 440) : (85, 66, 99)
(1290, 440) : (89, 68, 98)
(1291, 440) : (88, 68, 98)
(1292, 440) : (85, 66, 96)
(1293, 440) : (85, 65, 95)
(1294, 440) : (86, 66, 95)
(1295, 440) : (85, 66, 94)
(1296, 440) : (88, 68, 97)
(1297, 440) : (86, 65, 93)
(1298, 440) : (84, 66, 98)
(1299, 440) : (85, 65, 94)
(1300, 440) : (86, 66, 96)
(1301, 440) : (84, 65, 96)
(1302, 440) : (84, 65, 95)
(1303, 440) : (84, 65, 96)
(1304, 440) : (85, 66, 96)
(1305, 440) : (83, 64, 94)
(1306, 440) : (84, 64, 94)
(1307, 440) : (85, 65, 94)
(1308, 440) : (87, 67, 94)
(1309, 440) : (90, 68, 97)
(1310, 440) : (88, 67, 95)
(1311, 440) : (88, 68, 98)
(1312, 440) : (87, 67, 97)
(1313, 440) : (87, 67, 97)
(1314, 440) : (87, 66, 95)
(1315, 440) : (85, 64, 94)
(1316, 440) : (81, 62, 91)
(1317, 440) : (79, 61, 91)
(1318, 440) : (78, 60, 89)
(1319, 440) : (74, 59, 89)
(1320, 440) : (74, 60, 93)
(1321, 440) : (81, 63, 94)
(1322, 440) : (83, 64, 94)
(1323, 440) : (84, 65, 96)
(1324, 440) : (85, 67, 98)
(1325, 440) : (84, 66, 97)
(1326, 440) : (86, 68, 100)
(1327, 440) : (89, 69, 101)
(1328, 440) : (88, 67, 95)
(1329, 440) : (87, 67, 97)
(1330, 440) : (85, 65, 96)
(1331, 440) : (86, 67, 97)
(1332, 440) : (91, 78, 111)
(1333, 440) : (112, 81, 100)
(1334, 440) : (89, 68, 96)
(1335, 440) : (81, 63, 93)
(1336, 440) : (83, 65, 95)
(1337, 440) : (90, 72, 101)
(1338, 440) : (100, 72, 95)
(1339, 440) : (85, 65, 95)
(1340, 440) : (81, 62, 93)
(1341, 440) : (81, 63, 94)
(1342, 440) : (81, 63, 93)
(1343, 440) : (83, 64, 95)
(1344, 440) : (80, 61, 92)
(1345, 440) : (83, 64, 96)
(1346, 440) : (86, 75, 109)
(1347, 440) : (110, 84, 108)
(1348, 440) : (98, 72, 92)
(1349, 440) : (82, 63, 93)
(1350, 440) : (79, 61, 91)
(1351, 440) : (81, 63, 95)
(1352, 440) : (78, 61, 92)
(1353, 440) : (78, 60, 90)
(1354, 440) : (78, 61, 91)
(1355, 440) : (78, 62, 94)
(1356, 440) : (80, 63, 96)
(1357, 440) : (85, 66, 97)
(1358, 440) : (84, 64, 95)
(1359, 440) : (83, 64, 96)
(1360, 440) : (83, 64, 95)
(1361, 440) : (84, 65, 96)
(1362, 440) : (84, 65, 97)
(1363, 440) : (82, 63, 94)
(1364, 440) : (83, 66, 99)
(1365, 440) : (85, 67, 99)
(1366, 440) : (87, 68, 99)
(1367, 440) : (87, 65, 94)
(1368, 440) : (81, 62, 90)
(1369, 440) : (79, 62, 93)
(1370, 440) : (80, 63, 93)
(1371, 440) : (79, 61, 91)
(1372, 440) : (81, 63, 94)
(1373, 440) : (82, 62, 92)
(1374, 440) : (78, 59, 87)
(1375, 440) : (75, 59, 89)
(1376, 440) : (74, 60, 91)
(1377, 440) : (74, 59, 89)
(1378, 440) : (77, 60, 91)
(1379, 440) : (80, 62, 94)
(1380, 440) : (79, 61, 92)
(1381, 440) : (79, 61, 92)
(1382, 440) : (82, 63, 94)
(1383, 440) : (82, 65, 95)
(1384, 440) : (87, 67, 93)
(1385, 440) : (94, 66, 92)
(1386, 440) : (82, 60, 87)
(1387, 440) : (71, 57, 87)
(1388, 440) : (71, 57, 88)
(1389, 440) : (73, 57, 87)
(1390, 440) : (77, 61, 91)
(1391, 440) : (78, 61, 91)
(1392, 440) : (74, 58, 87)
(1393, 440) : (74, 58, 87)
(1394, 440) : (76, 61, 90)
(1395, 440) : (87, 73, 103)
(1396, 440) : (108, 78, 98)
(1397, 440) : (93, 65, 87)
(1398, 440) : (71, 59, 97)
(1399, 440) : (87, 68, 107)
(1400, 440) : (102, 74, 108)
(1401, 440) : (103, 74, 108)
(1402, 440) : (103, 75, 110)
(1403, 440) : (101, 73, 107)
(1404, 440) : (104, 75, 110)
(1405, 440) : (102, 74, 107)
(1406, 440) : (101, 73, 108)
(1407, 440) : (102, 79, 114)
(1408, 440) : (122, 103, 132)
(1409, 440) : (166, 124, 135)
(1410, 440) : (166, 115, 121)
(1411, 440) : (130, 92, 114)
(1412, 440) : (128, 109, 139)
(1413, 440) : (161, 112, 118)
(1414, 440) : (122, 84, 108)
(1415, 440) : (101, 72, 104)
(1416, 440) : (99, 72, 106)
(1417, 440) : (101, 74, 108)
(1418, 440) : (104, 75, 108)
(1419, 440) : (104, 76, 109)
(1420, 440) : (103, 75, 108)
(1421, 440) : (101, 73, 104)
(1422, 440) : (99, 72, 104)
(1423, 440) : (102, 75, 109)
(1424, 440) : (105, 76, 109)
(1425, 440) : (101, 72, 104)
(1426, 440) : (101, 72, 107)
(1427, 440) : (103, 75, 109)
(1428, 440) : (103, 74, 105)
(1429, 440) : (105, 75, 109)
(1430, 440) : (104, 75, 109)
(1431, 440) : (104, 74, 108)
(1432, 440) : (104, 74, 107)
(1433, 440) : (104, 74, 108)
(1434, 440) : (104, 75, 109)
(1435, 440) : (101, 73, 106)
(1436, 440) : (103, 75, 109)
(1437, 440) : (106, 83, 116)
(1438, 440) : (131, 105, 126)
(1439, 440) : (169, 116, 118)
(1440, 440) : (158, 98, 107)
(1441, 440) : (108, 75, 104)
(1442, 440) : (106, 74, 104)
(1443, 440) : (104, 74, 105)
(1444, 440) : (102, 72, 103)
(1445, 440) : (107, 75, 106)
(1446, 440) : (102, 72, 104)
(1447, 440) : (102, 72, 104)
(1448, 440) : (101, 71, 103)
(1449, 440) : (101, 72, 104)
(1450, 440) : (101, 72, 104)
(1451, 440) : (104, 83, 116)
(1452, 440) : (130, 92, 114)
(1453, 440) : (132, 87, 106)
(1454, 440) : (107, 74, 107)
(1455, 440) : (107, 75, 108)
(1456, 440) : (108, 74, 106)
(1457, 440) : (109, 75, 107)
(1458, 440) : (107, 74, 107)
(1459, 440) : (110, 76, 108)
(1460, 440) : (112, 76, 107)
(1461, 440) : (107, 74, 107)
(1462, 440) : (108, 74, 106)
(1463, 440) : (109, 75, 107)
(1464, 440) : (107, 75, 109)
(1465, 440) : (108, 74, 107)
(1466, 440) : (110, 75, 109)
(1467, 440) : (106, 72, 106)
(1468, 440) : (107, 73, 107)
(1469, 440) : (109, 76, 109)
(1470, 440) : (112, 76, 105)
(1471, 440) : (111, 74, 104)
(1472, 440) : (107, 73, 105)
(1473, 440) : (111, 75, 105)
(1474, 440) : (106, 72, 103)
(1475, 440) : (109, 75, 108)
(1476, 440) : (109, 74, 106)
(1477, 440) : (110, 78, 109)
(1478, 440) : (118, 78, 105)
(1479, 440) : (108, 72, 102)
(1480, 440) : (109, 74, 107)
(1481, 440) : (108, 74, 106)
(1482, 440) : (110, 75, 108)
(1483, 440) : (109, 74, 106)
(1484, 440) : (110, 76, 109)
(1485, 440) : (109, 85, 115)
(1486, 440) : (140, 97, 114)
(1487, 440) : (130, 83, 97)
(1488, 440) : (97, 65, 89)
(1489, 440) : (85, 61, 89)
(1490, 440) : (80, 59, 90)
(1491, 440) : (83, 61, 91)
(1492, 440) : (80, 60, 90)
(1493, 440) : (80, 60, 89)
(1494, 440) : (83, 62, 93)
(1495, 440) : (85, 63, 95)
(1496, 440) : (83, 63, 94)
(1497, 440) : (86, 66, 96)
(1498, 440) : (94, 70, 99)
(1499, 440) : (94, 68, 95)
(1500, 440) : (95, 69, 98)
(1501, 440) : (92, 67, 96)
(1502, 440) : (90, 65, 94)
(1503, 440) : (87, 64, 93)
(1504, 440) : (90, 66, 94)
(1505, 440) : (88, 64, 93)
(1506, 440) : (90, 66, 95)
(1507, 440) : (87, 64, 93)
(1508, 440) : (89, 66, 95)
(1509, 440) : (87, 64, 93)
(1510, 440) : (86, 63, 92)
(1511, 440) : (86, 63, 92)
(1512, 440) : (88, 65, 95)
(1513, 440) : (87, 64, 93)
(1514, 440) : (88, 65, 93)
(1515, 440) : (88, 66, 94)
(1516, 440) : (87, 65, 92)
(1517, 440) : (93, 67, 93)
(1518, 440) : (88, 64, 91)
(1519, 440) : (87, 63, 90)
(1520, 440) : (87, 63, 92)
(1521, 440) : (85, 62, 89)
(1522, 440) : (88, 63, 92)
(1523, 440) : (84, 60, 89)
(1524, 440) : (77, 60, 95)
(1525, 440) : (82, 64, 94)
(1526, 440) : (91, 68, 95)
(1527, 440) : (91, 65, 88)
(1528, 440) : (85, 61, 87)
(1529, 440) : (85, 62, 87)
(1530, 440) : (87, 63, 87)
(1531, 440) : (82, 60, 86)
(1532, 440) : (79, 59, 86)
(1533, 440) : (86, 64, 91)
(1534, 440) : (87, 64, 91)
(1535, 440) : (92, 68, 94)
(1536, 440) : (95, 69, 93)
(1537, 440) : (92, 67, 91)
(1538, 440) : (94, 68, 91)
(1539, 440) : (94, 67, 89)
(1540, 440) : (91, 64, 87)
(1541, 440) : (89, 63, 86)
(1542, 440) : (85, 62, 89)
(1543, 440) : (84, 63, 93)
(1544, 440) : (89, 68, 99)
(1545, 440) : (93, 69, 93)
(1546, 440) : (92, 66, 89)
(1547, 440) : (86, 62, 86)
(1548, 440) : (86, 62, 85)
(1549, 440) : (86, 61, 85)
(1550, 440) : (83, 60, 85)
(1551, 440) : (78, 58, 84)
(1552, 440) : (80, 60, 85)
(1553, 440) : (78, 58, 82)
(1554, 440) : (77, 57, 81)
(1555, 440) : (72, 54, 79)
(1556, 440) : (71, 54, 82)
(1557, 440) : (71, 54, 80)
(1558, 440) : (74, 56, 83)
(1559, 440) : (73, 58, 100)
(1560, 440) : (88, 67, 105)
(1561, 440) : (101, 72, 105)
(1562, 440) : (102, 70, 103)
(1563, 440) : (100, 68, 96)
(1564, 440) : (94, 65, 101)
(1565, 440) : (95, 66, 95)
(1566, 440) : (92, 64, 95)
(1567, 440) : (90, 61, 87)
(1568, 440) : (78, 54, 80)
(1569, 440) : (73, 54, 83)
(1570, 440) : (69, 52, 81)
(1571, 440) : (69, 52, 81)
(1572, 440) : (69, 53, 81)
(1573, 440) : (70, 53, 82)
(1574, 440) : (68, 51, 79)
(1575, 440) : (69, 52, 81)
(1576, 440) : (70, 53, 82)
(1577, 440) : (72, 54, 81)
(1578, 440) : (71, 52, 80)
(1579, 440) : (69, 51, 80)
(1580, 440) : (71, 53, 82)
(1581, 440) : (71, 54, 82)
(1582, 440) : (68, 51, 79)
(1583, 440) : (69, 52, 80)
(1584, 440) : (71, 53, 82)
(1585, 440) : (68, 51, 79)
(1586, 440) : (70, 53, 82)
(1587, 440) : (69, 52, 79)
(1588, 440) : (68, 51, 79)
(1589, 440) : (67, 51, 78)
(1590, 440) : (67, 51, 77)
(1591, 440) : (66, 51, 77)
(1592, 440) : (67, 51, 78)
(1593, 440) : (67, 52, 79)
(1594, 440) : (66, 50, 76)
(1595, 440) : (67, 51, 78)
(1596, 440) : (66, 50, 76)
(1597, 440) : (66, 51, 76)
(1598, 440) : (65, 49, 75)
(1599, 440) : (65, 48, 76)
(1600, 440) : (64, 48, 77)
(1601, 440) : (63, 48, 77)
(1602, 440) : (61, 48, 76)
(1603, 440) : (64, 49, 77)
(1604, 440) : (66, 50, 79)
(1605, 440) : (64, 49, 78)
(1606, 440) : (64, 48, 77)
(1607, 440) : (66, 51, 80)
(1608, 440) : (69, 52, 80)
(1609, 440) : (71, 52, 80)
(1610, 440) : (68, 51, 80)
(1611, 440) : (63, 48, 76)
(1612, 440) : (64, 49, 76)
(1613, 440) : (65, 50, 78)
(1614, 440) : (64, 49, 76)
(1615, 440) : (65, 50, 77)
(1616, 440) : (62, 48, 76)
(1617, 440) : (60, 47, 74)
(1618, 440) : (59, 46, 75)
(1619, 440) : (60, 48, 76)
(1620, 440) : (64, 50, 77)
(1621, 440) : (66, 51, 78)
(1622, 440) : (64, 49, 76)
(1623, 440) : (66, 51, 78)
(1624, 440) : (64, 49, 76)
(1625, 440) : (67, 51, 79)
(1626, 440) : (66, 51, 78)
(1627, 440) : (65, 50, 77)
(1628, 440) : (65, 50, 77)
(1629, 440) : (65, 50, 77)
(1630, 440) : (66, 51, 78)
(1631, 440) : (67, 51, 79)
(1632, 440) : (65, 49, 78)
(1633, 440) : (64, 49, 82)
(1634, 440) : (61, 50, 82)
(1635, 440) : (64, 51, 81)
(1636, 440) : (69, 54, 85)
(1637, 440) : (70, 55, 86)
(1638, 440) : (71, 55, 86)
(1639, 440) : (72, 56, 86)
(1640, 440) : (72, 56, 88)
(1641, 440) : (70, 54, 85)
(1642, 440) : (72, 56, 87)
(1643, 440) : (70, 54, 83)
(1644, 440) : (75, 56, 85)
(1645, 440) : (78, 55, 82)
(1646, 440) : (74, 53, 83)
(1647, 440) : (73, 56, 87)
(1648, 440) : (72, 57, 86)
(1649, 440) : (74, 57, 85)
(1650, 440) : (75, 56, 87)
(1651, 440) : (75, 59, 90)
(1652, 440) : (82, 63, 84)
(1653, 440) : (80, 57, 79)
(1654, 440) : (75, 55, 81)
(1655, 440) : (72, 54, 80)
(1656, 440) : (70, 53, 81)
(1657, 440) : (70, 53, 81)
(1658, 440) : (68, 52, 81)
(1659, 440) : (69, 54, 86)
(1660, 440) : (73, 58, 87)
(1661, 440) : (76, 58, 88)
(1662, 440) : (74, 57, 86)
(1663, 440) : (75, 59, 89)
(1664, 440) : (78, 61, 84)
(1665, 440) : (82, 61, 83)
(1666, 440) : (78, 58, 83)
(1667, 440) : (74, 56, 88)
(1668, 440) : (71, 57, 93)
(1669, 440) : (78, 64, 93)
(1670, 440) : (84, 63, 86)
(1671, 440) : (81, 60, 86)
(1672, 440) : (80, 61, 89)
(1673, 440) : (77, 59, 90)
(1674, 440) : (79, 63, 97)
(1675, 440) : (83, 67, 95)
(1676, 440) : (87, 66, 95)
(1677, 440) : (88, 67, 93)
(1678, 440) : (88, 66, 93)
(1679, 440) : (86, 65, 93)
(1680, 440) : (87, 66, 95)
(1681, 440) : (86, 66, 94)
(1682, 440) : (88, 67, 96)
(1683, 440) : (85, 64, 92)
(1684, 440) : (86, 65, 94)
(1685, 440) : (84, 64, 94)
(1686, 440) : (82, 64, 94)
(1687, 440) : (84, 66, 96)
(1688, 440) : (89, 69, 99)
(1689, 440) : (88, 68, 96)
(1690, 440) : (92, 71, 99)
(1691, 440) : (90, 70, 97)
(1692, 440) : (91, 71, 100)
(1693, 440) : (89, 69, 96)
(1694, 440) : (91, 71, 98)
(1695, 440) : (89, 69, 95)
(1696, 440) : (88, 67, 95)
(1697, 440) : (85, 65, 96)
(1698, 440) : (82, 65, 97)
(1699, 440) : (85, 69, 102)
(1700, 440) : (89, 71, 101)
(1701, 440) : (93, 73, 103)
(1702, 440) : (90, 70, 100)
(1703, 440) : (91, 71, 99)
(1704, 440) : (92, 73, 103)
(1705, 440) : (92, 72, 102)
(1706, 440) : (89, 70, 98)
(1707, 440) : (89, 69, 97)
(1708, 440) : (90, 69, 99)
(1709, 440) : (87, 68, 102)
(1710, 440) : (87, 71, 105)
(1711, 440) : (90, 75, 105)
(1712, 440) : (91, 73, 103)
(1713, 440) : (92, 73, 103)
(1714, 440) : (95, 76, 106)
(1715, 440) : (91, 73, 103)
(1716, 440) : (95, 77, 106)
(1717, 440) : (93, 75, 103)
(1718, 440) : (93, 74, 102)
(1719, 440) : (91, 73, 102)
(1720, 440) : (90, 73, 103)
(1721, 440) : (91, 74, 103)
(1722, 440) : (94, 75, 103)
(1723, 440) : (94, 74, 103)
(1724, 440) : (92, 71, 100)
(1725, 440) : (92, 70, 100)
(1726, 440) : (92, 69, 99)
(1727, 440) : (97, 72, 102)
(1728, 440) : (97, 72, 102)
(1729, 440) : (98, 73, 101)
(1730, 440) : (102, 76, 106)
(1731, 440) : (101, 76, 106)
(1732, 440) : (96, 74, 107)
(1733, 440) : (93, 78, 109)
(1734, 440) : (101, 82, 105)
(1735, 440) : (103, 77, 106)
(1736, 440) : (92, 74, 106)
(1737, 440) : (98, 81, 108)
(1738, 440) : (98, 77, 103)
(1739, 440) : (95, 74, 102)
(1740, 440) : (94, 75, 103)
(1741, 440) : (93, 74, 104)
(1742, 440) : (89, 72, 102)
(1743, 440) : (90, 74, 106)
(1744, 440) : (87, 72, 103)
(1745, 440) : (92, 73, 102)
(1746, 440) : (102, 75, 105)
(1747, 440) : (109, 75, 104)
(1748, 440) : (111, 75, 104)
(1749, 440) : (110, 76, 104)
(1750, 440) : (110, 77, 111)
(1751, 440) : (106, 77, 110)
(1752, 440) : (108, 81, 114)
(1753, 440) : (110, 84, 117)
(1754, 440) : (111, 85, 119)
(1755, 440) : (113, 89, 124)
(1756, 440) : (113, 90, 121)
(1757, 440) : (119, 92, 124)
(1758, 440) : (117, 91, 121)
(1759, 440) : (115, 89, 119)
