(160, 440) : (104, 79, 102)
(161, 440) : (102, 78, 103)
(162, 440) : (101, 77, 102)
(163, 440) : (100, 76, 99)
(164, 440) : (100, 77, 100)
(165, 440) : (103, 78, 102)
(166, 440) : (101, 77, 100)
(167, 440) : (103, 79, 102)
(168, 440) : (101, 76, 100)
(169, 440) : (103, 78, 102)
(170, 440) : (100, 76, 100)
(171, 440) : (102, 77, 101)
(172, 440) : (103, 78, 102)
(173, 440) : (99, 75, 99)
(174, 440) : (103, 77, 100)
(175, 440) : (103, 78, 101)
(176, 440) : (102, 78, 101)
(177, 440) : (97, 73, 98)
(178, 440) : (100, 75, 100)
(179, 440) : (100, 74, 98)
(180, 440) : (100, 74, 98)
(181, 440) : (100, 74, 97)
(182, 440) : (100, 74, 96)
(183, 440) : (99, 74, 97)
(184, 440) : (97, 73, 96)
(185, 440) : (101, 75, 99)
(186, 440) : (99, 74, 98)
(187, 440) : (98, 72, 96)
(188, 440) : (101, 74, 98)
(189, 440) : (99, 73, 96)
(190, 440) : (103, 76, 99)
(191, 440) : (101, 75, 97)
(192, 440) : (103, 76, 98)
(193, 440) : (104, 77, 99)
(194, 440) : (101, 74, 97)
(195, 440) : (103, 75, 97)
(196, 440) : (104, 75, 96)
(197, 440) : (105, 76, 96)
(198, 440) : (105, 77, 97)
(199, 440) : (106, 76, 97)
(200, 440) : (103, 75, 94)
(201, 440) : (106, 77, 98)
(202, 440) : (104, 76, 97)
(203, 440) : (101, 73, 95)
(204, 440) : (97, 70, 93)
(205, 440) : (94, 67, 90)
(206, 440) : (95, 68, 90)
(207, 440) : (92, 65, 87)
(208, 440) : (95, 67, 88)
(209, 440) : (93, 65, 87)
(210, 440) : (97, 68, 89)
(211, 440) : (95, 67, 87)
(212, 440) : (96, 69, 90)
(213, 440) : (98, 70, 92)
(214, 440) : (93, 67, 88)
(215, 440) : (92, 66, 90)
(216, 440) : (94, 67, 89)
(217, 440) : (90, 64, 85)
(218, 440) : (91, 64, 85)
(219, 440) : (92, 64, 85)
(220, 440) : (92, 64, 85)
(221, 440) : (96, 67, 88)
(222, 440) : (95, 66, 87)
(223, 440) : (95, 66, 86)
(224, 440) : (95, 65, 85)
(225, 440) : (94, 65, 84)
(226, 440) : (94, 66, 85)
(227, 440) : (97, 68, 88)
(228, 440) : (95, 66, 85)
(229, 440) : (98, 68, 88)
(230, 440) : (97, 67, 86)
(231, 440) : (98, 69, 88)
(232, 440) : (98, 70, 90)
(233, 440) : (94, 67, 87)
(234, 440) : (95, 67, 88)
(235, 440) : (96, 67, 88)
(236, 440) : (97, 68, 88)
(237, 440) : (96, 68, 89)
(238, 440) : (95, 67, 89)
(239, 440) : (96, 66, 87)
(240, 440) : (95, 66, 86)
(241, 440) : (95, 66, 86)
(242, 440) : (96, 67, 86)
(243, 440) : (94, 66, 86)
(244, 440) : (96, 67, 88)
(245, 440) : (92, 65, 85)
(246, 440) : (92, 65, 87)
(247, 440) : (88, 62, 84)
(248, 440) : (89, 62, 84)
(249, 440) : (87, 60, 81)
(250, 440) : (89, 61, 82)
(251, 440) : (92, 62, 82)
(252, 440) : (92, 62, 81)
(253, 440) : (94, 63, 82)
(254, 440) : (96, 65, 84)
(255, 440) : (97, 66, 85)
(256, 440) : (98, 66, 85)
(257, 440) : (96, 65, 84)
(258, 440) : (98, 66, 85)
(259, 440) : (97, 66, 84)
(260, 440) : (96, 65, 84)
(261, 440) : (94, 64, 83)
(262, 440) : (97, 66, 85)
(263, 440) : (94, 64, 83)
(264, 440) : (93, 62, 80)
(265, 440) : (96, 64, 82)
(266, 440) : (97, 66, 85)
(267, 440) : (94, 64, 82)
(268, 440) : (97, 65, 85)
(269, 440) : (93, 62, 81)
(270, 440) : (94, 63, 81)
(271, 440) : (95, 63, 81)
(272, 440) : (94, 63, 82)
(273, 440) : (94, 62, 81)
(274, 440) : (93, 62, 79)
(275, 440) : (92, 61, 79)
(276, 440) : (92, 60, 78)
(277, 440) : (92, 59, 76)
(278, 440) : (91, 59, 76)
(279, 440) : (89, 57, 74)
(280, 440) : (92, 59, 76)
(281, 440) : (89, 57, 74)
(282, 440) : (81, 57, 75)
(283, 440) : (64, 47, 72)
(284, 440) : (63, 44, 68)
(285, 440) : (62, 43, 63)
(286, 440) : (63, 44, 63)
(287, 440) : (64, 45, 65)
(288, 440) : (65, 45, 66)
(289, 440) : (66, 46, 66)
(290, 440) : (66, 46, 67)
(291, 440) : (65, 46, 68)
(292, 440) : (65, 45, 66)
(293, 440) : (64, 44, 66)
(294, 440) : (64, 44, 66)
(295, 440) : (63, 44, 64)
(296, 440) : (62, 43, 62)
(297, 440) : (64, 44, 64)
(298, 440) : (63, 43, 63)
(299, 440) : (64, 43, 61)
(300, 440) : (68, 46, 64)
(301, 440) : (71, 49, 69)
(302, 440) : (68, 47, 70)
(303, 440) : (68, 47, 71)
(304, 440) : (69, 46, 69)
(305, 440) : (69, 46, 65)
(306, 440) : (78, 48, 70)
(307, 440) : (102, 62, 74)
(308, 440) : (114, 74, 85)
(309, 440) : (114, 77, 90)
(310, 440) : (111, 77, 91)
(311, 440) : (101, 71, 89)
(312, 440) : (96, 63, 84)
(313, 440) : (103, 67, 79)
(314, 440) : (101, 67, 81)
(315, 440) : (95, 64, 79)
(316, 440) : (90, 60, 79)
(317, 440) : (84, 57, 73)
(318, 440) : (74, 49, 68)
(319, 440) : (81, 51, 65)
(320, 440) : (90, 57, 72)
(321, 440) : (89, 56, 70)
(322, 440) : (94, 59, 69)
(323, 440) : (100, 64, 74)
(324, 440) : (100, 66, 78)
(325, 440) : (100, 65, 79)
(326, 440) : (105, 68, 81)
(327, 440) : (102, 68, 80)
(328, 440) : (92, 62, 79)
(329, 440) : (86, 56, 71)
(330, 440) : (89, 57, 68)
(331, 440) : (89, 57, 68)
(332, 440) : (92, 59, 72)
(333, 440) : (94, 60, 73)
(334, 440) : (94, 58, 72)
(335, 440) : (100, 61, 71)
(336, 440) : (100, 64, 73)
(337, 440) : (86, 58, 70)
(338, 440) : (85, 55, 70)
(339, 440) : (84, 53, 68)
(340, 440) : (82, 51, 65)
(341, 440) : (82, 53, 65)
(342, 440) : (69, 47, 63)
(343, 440) : (58, 40, 56)
(344, 440) : (56, 37, 49)
(345, 440) : (58, 38, 50)
(346, 440) : (57, 37, 49)
(347, 440) : (59, 38, 50)
(348, 440) : (57, 37, 48)
(349, 440) : (59, 38, 49)
(350, 440) : (60, 39, 50)
(351, 440) : (59, 38, 48)
(352, 440) : (60, 39, 50)
(353, 440) : (61, 39, 51)
(354, 440) : (63, 40, 52)
(355, 440) : (63, 40, 54)
(356, 440) : (62, 40, 55)
(357, 440) : (67, 41, 57)
(358, 440) : (80, 45, 55)
(359, 440) : (99, 56, 58)
(360, 440) : (106, 63, 75)
(361, 440) : (97, 59, 74)
(362, 440) : (98, 58, 71)
(363, 440) : (95, 55, 69)
(364, 440) : (98, 56, 68)
(365, 440) : (95, 58, 69)
(366, 440) : (68, 48, 66)
(367, 440) : (62, 41, 57)
(368, 440) : (63, 40, 52)
(369, 440) : (63, 40, 52)
(370, 440) : (64, 40, 52)
(371, 440) : (69, 41, 52)
(372, 440) : (79, 49, 58)
(373, 440) : (68, 45, 61)
(374, 440) : (66, 41, 53)
(375, 440) : (69, 43, 54)
(376, 440) : (67, 42, 54)
(377, 440) : (69, 43, 55)
(378, 440) : (67, 42, 53)
(379, 440) : (68, 42, 54)
(380, 440) : (69, 43, 55)
(381, 440) : (70, 44, 55)
(382, 440) : (71, 44, 56)
(383, 440) : (67, 42, 54)
(384, 440) : (71, 44, 56)
(385, 440) : (70, 44, 57)
(386, 440) : (71, 43, 56)
(387, 440) : (77, 44, 55)
(388, 440) : (94, 48, 54)
(389, 440) : (126, 73, 55)
(390, 440) : (99, 71, 79)
(391, 440) : (63, 50, 69)
(392, 440) : (65, 42, 56)
(393, 440) : (62, 40, 53)
(394, 440) : (63, 40, 53)
(395, 440) : (64, 40, 54)
(396, 440) : (64, 41, 54)
(397, 440) : (64, 41, 55)
(398, 440) : (64, 41, 58)
(399, 440) : (63, 41, 56)
(400, 440) : (62, 40, 55)
(401, 440) : (62, 39, 54)
(402, 440) : (65, 41, 57)
(403, 440) : (63, 40, 56)
(404, 440) : (64, 41, 58)
(405, 440) : (63, 40, 54)
(406, 440) : (64, 40, 55)
(407, 440) : (61, 39, 53)
(408, 440) : (62, 40, 54)
(409, 440) : (62, 40, 54)
(410, 440) : (62, 40, 54)
(411, 440) : (63, 40, 54)
(412, 440) : (62, 40, 54)
(413, 440) : (62, 39, 53)
(414, 440) : (61, 39, 52)
(415, 440) : (64, 40, 54)
(416, 440) : (62, 40, 53)
(417, 440) : (61, 39, 51)
(418, 440) : (62, 40, 54)
(419, 440) : (61, 39, 51)
(420, 440) : (62, 39, 53)
(421, 440) : (63, 40, 53)
(422, 440) : (63, 40, 54)
(423, 440) : (65, 41, 54)
(424, 440) : (67, 42, 55)
(425, 440) : (66, 42, 59)
(426, 440) : (66, 42, 58)
(427, 440) : (65, 41, 57)
(428, 440) : (64, 40, 57)
(429, 440) : (63, 39, 55)
(430, 440) : (64, 40, 55)
(431, 440) : (62, 39, 53)
(432, 440) : (63, 40, 54)
(433, 440) : (65, 41, 55)
(434, 440) : (62, 40, 54)
(435, 440) : (63, 40, 55)
(436, 440) : (64, 41, 55)
(437, 440) : (69, 42, 56)
(438, 440) : (76, 46, 60)
(439, 440) : (75, 47, 64)
(440, 440) : (71, 45, 62)
(441, 440) : (63, 41, 59)
(442, 440) : (64, 41, 56)
(443, 440) : (63, 40, 54)
(444, 440) : (65, 41, 56)
(445, 440) : (64, 40, 54)
(446, 440) : (65, 41, 56)
(447, 440) : (64, 40, 55)
(448, 440) : (65, 41, 56)
(449, 440) : (66, 41, 57)
(450, 440) : (65, 41, 57)
(451, 440) : (65, 41, 56)
(452, 440) : (65, 41, 56)
(453, 440) : (65, 40, 55)
(454, 440) : (68, 42, 57)
(455, 440) : (67, 42, 56)
(456, 440) : (65, 41, 57)
(457, 440) : (67, 42, 58)
(458, 440) : (66, 41, 56)
(459, 440) : (67, 42, 58)
(460, 440) : (68, 42, 58)
(461, 440) : (64, 41, 56)
(462, 440) : (65, 41, 55)
(463, 440) : (66, 41, 55)
(464, 440) : (66, 41, 55)
(465, 440) : (65, 41, 55)
(466, 440) : (67, 42, 57)
(467, 440) : (66, 41, 56)
(468, 440) : (65, 40, 54)
(469, 440) : (67, 41, 56)
(470, 440) : (64, 40, 54)
(471, 440) : (66, 41, 56)
(472, 440) : (67, 42, 56)
(473, 440) : (64, 40, 54)
(474, 440) : (66, 40, 55)
(475, 440) : (66, 41, 55)
(476, 440) : (65, 40, 55)
(477, 440) : (66, 41, 55)
(478, 440) : (76, 46, 60)
(479, 440) : (80, 50, 68)
(480, 440) : (83, 52, 70)
(481, 440) : (84, 53, 70)
(482, 440) : (93, 58, 73)
(483, 440) : (110, 66, 75)
(484, 440) : (118, 75, 89)
(485, 440) : (119, 77, 89)
(486, 440) : (120, 77, 89)
(487, 440) : (115, 74, 85)
(488, 440) : (116, 73, 84)
(489, 440) : (115, 73, 84)
(490, 440) : (121, 76, 86)
(491, 440) : (122, 76, 85)
(492, 440) : (117, 74, 85)
(493, 440) : (118, 76, 87)
(494, 440) : (118, 75, 87)
(495, 440) : (119, 76, 88)
(496, 440) : (114, 73, 86)
(497, 440) : (112, 72, 86)
(498, 440) : (112, 71, 85)
(499, 440) : (119, 74, 85)
(500, 440) : (121, 76, 87)
(501, 440) : (101, 67, 86)
(502, 440) : (77, 51, 71)
(503, 440) : (72, 43, 59)
(504, 440) : (70, 41, 57)
(505, 440) : (73, 43, 57)
(506, 440) : (73, 43, 57)
(507, 440) : (75, 44, 58)
(508, 440) : (80, 47, 61)
(509, 440) : (85, 51, 66)
(510, 440) : (88, 54, 69)
(511, 440) : (91, 56, 71)
(512, 440) : (92, 57, 74)
(513, 440) : (94, 58, 73)
(514, 440) : (95, 58, 74)
(515, 440) : (95, 58, 73)
(516, 440) : (97, 58, 72)
(517, 440) : (101, 61, 77)
(518, 440) : (102, 62, 77)
(519, 440) : (101, 60, 75)
(520, 440) : (103, 62, 77)
(521, 440) : (100, 59, 74)
(522, 440) : (102, 60, 75)
(523, 440) : (102, 60, 75)
(524, 440) : (103, 60, 76)
(525, 440) : (103, 60, 77)
(526, 440) : (103, 60, 76)
(527, 440) : (101, 60, 75)
(528, 440) : (102, 60, 77)
(529, 440) : (105, 62, 80)
(530, 440) : (103, 61, 78)
(531, 440) : (105, 62, 81)
(532, 440) : (105, 62, 80)
(533, 440) : (106, 63, 80)
(534, 440) : (106, 62, 80)
(535, 440) : (107, 63, 80)
(536, 440) : (107, 63, 79)
(537, 440) : (108, 63, 79)
(538, 440) : (109, 63, 78)
(539, 440) : (109, 62, 78)
(540, 440) : (113, 64, 81)
(541, 440) : (111, 63, 80)
(542, 440) : (113, 65, 82)
(543, 440) : (111, 63, 80)
(544, 440) : (108, 62, 79)
(545, 440) : (110, 62, 80)
(546, 440) : (110, 62, 80)
(547, 440) : (108, 61, 80)
(548, 440) : (107, 61, 79)
(549, 440) : (105, 60, 79)
(550, 440) : (103, 59, 78)
(551, 440) : (107, 61, 81)
(552, 440) : (104, 60, 80)
(553, 440) : (108, 62, 82)
(554, 440) : (108, 62, 81)
(555, 440) : (106, 61, 79)
(556, 440) : (109, 63, 81)
(557, 440) : (108, 62, 80)
(558, 440) : (109, 63, 80)
(559, 440) : (111, 64, 81)
(560, 440) : (113, 66, 81)
(561, 440) : (114, 66, 81)
(562, 440) : (119, 70, 84)
(563, 440) : (118, 70, 83)
(564, 440) : (116, 68, 82)
(565, 440) : (119, 70, 83)
(566, 440) : (121, 72, 85)
(567, 440) : (118, 70, 82)
(568, 440) : (119, 71, 83)
(569, 440) : (120, 71, 83)
(570, 440) : (123, 73, 84)
(571, 440) : (123, 73, 84)
(572, 440) : (122, 73, 84)
(573, 440) : (121, 72, 83)
(574, 440) : (125, 74, 85)
(575, 440) : (124, 73, 84)
(576, 440) : (127, 75, 86)
(577, 440) : (124, 73, 84)
(578, 440) : (129, 76, 86)
(579, 440) : (133, 78, 87)
(580, 440) : (134, 78, 86)
(581, 440) : (137, 79, 87)
(582, 440) : (139, 82, 90)
(583, 440) : (143, 83, 89)
(584, 440) : (144, 84, 89)
(585, 440) : (147, 87, 92)
(586, 440) : (151, 88, 91)
(587, 440) : (149, 87, 91)
(588, 440) : (154, 89, 92)
(589, 440) : (159, 93, 94)
(590, 440) : (168, 96, 95)
(591, 440) : (172, 99, 97)
(592, 440) : (175, 100, 97)
(593, 440) : (176, 101, 98)
(594, 440) : (175, 100, 97)
(595, 440) : (176, 99, 96)
(596, 440) : (177, 100, 96)
(597, 440) : (180, 102, 98)
(598, 440) : (183, 104, 99)
(599, 440) : (179, 101, 97)
(600, 440) : (181, 102, 98)
(601, 440) : (181, 103, 98)
(602, 440) : (178, 102, 98)
(603, 440) : (175, 101, 98)
(604, 440) : (168, 98, 98)
(605, 440) : (151, 90, 96)
(606, 440) : (138, 81, 89)
(607, 440) : (130, 75, 86)
(608, 440) : (116, 68, 82)
(609, 440) : (113, 64, 80)
(610, 440) : (114, 64, 79)
(611, 440) : (115, 65, 80)
(612, 440) : (112, 63, 78)
(613, 440) : (112, 63, 78)
(614, 440) : (112, 63, 79)
(615, 440) : (116, 66, 83)
(616, 440) : (115, 65, 82)
(617, 440) : (113, 64, 82)
(618, 440) : (116, 66, 83)
(619, 440) : (113, 64, 81)
(620, 440) : (114, 65, 83)
(621, 440) : (116, 66, 83)
(622, 440) : (113, 64, 82)
(623, 440) : (113, 64, 81)
(624, 440) : (114, 64, 81)
(625, 440) : (114, 64, 80)
(626, 440) : (120, 67, 83)
(627, 440) : (120, 67, 81)
(628, 440) : (123, 69, 83)
(629, 440) : (120, 67, 80)
(630, 440) : (122, 69, 80)
(631, 440) : (119, 66, 77)
(632, 440) : (120, 68, 78)
(633, 440) : (121, 69, 78)
(634, 440) : (120, 68, 79)
(635, 440) : (119, 67, 78)
(636, 440) : (123, 69, 79)
(637, 440) : (141, 79, 76)
(638, 440) : (141, 90, 92)
(639, 440) : (128, 81, 96)
(640, 440) : (118, 66, 78)
(641, 440) : (120, 67, 78)
(642, 440) : (122, 69, 80)
(643, 440) : (122, 70, 80)
(644, 440) : (124, 71, 81)
(645, 440) : (122, 71, 81)
(646, 440) : (118, 68, 81)
(647, 440) : (114, 65, 79)
(648, 440) : (111, 62, 77)
(649, 440) : (112, 63, 78)
(650, 440) : (113, 64, 79)
(651, 440) : (110, 62, 76)
(652, 440) : (112, 63, 77)
(653, 440) : (115, 64, 77)
(654, 440) : (116, 65, 79)
(655, 440) : (118, 66, 78)
(656, 440) : (131, 74, 77)
(657, 440) : (141, 88, 88)
(658, 440) : (132, 89, 102)
(659, 440) : (117, 70, 81)
(660, 440) : (118, 68, 76)
(661, 440) : (113, 65, 74)
(662, 440) : (112, 65, 75)
(663, 440) : (111, 64, 74)
(664, 440) : (110, 63, 73)
(665, 440) : (109, 61, 72)
(666, 440) : (107, 60, 71)
(667, 440) : (110, 62, 72)
(668, 440) : (109, 61, 71)
(669, 440) : (106, 60, 70)
(670, 440) : (104, 59, 70)
(671, 440) : (104, 58, 67)
(672, 440) : (107, 61, 69)
(673, 440) : (106, 60, 70)
(674, 440) : (110, 63, 72)
(675, 440) : (111, 65, 75)
(676, 440) : (117, 69, 79)
(677, 440) : (119, 71, 80)
(678, 440) : (119, 72, 81)
(679, 440) : (124, 74, 85)
(680, 440) : (121, 72, 83)
(681, 440) : (123, 74, 83)
(682, 440) : (124, 74, 83)
(683, 440) : (126, 75, 83)
(684, 440) : (127, 76, 82)
(685, 440) : (127, 76, 84)
(686, 440) : (126, 76, 84)
(687, 440) : (125, 75, 81)
(688, 440) : (128, 77, 85)
(689, 440) : (126, 76, 83)
(690, 440) : (128, 77, 85)
(691, 440) : (130, 79, 87)
(692, 440) : (131, 80, 89)
(693, 440) : (126, 76, 86)
(694, 440) : (130, 80, 88)
(695, 440) : (129, 79, 86)
(696, 440) : (128, 78, 86)
(697, 440) : (127, 77, 85)
(698, 440) : (129, 78, 87)
(699, 440) : (126, 76, 85)
(700, 440) : (128, 77, 86)
(701, 440) : (129, 78, 88)
(702, 440) : (130, 79, 88)
(703, 440) : (131, 79, 89)
(704, 440) : (131, 79, 89)
(705, 440) : (130, 78, 88)
(706, 440) : (128, 77, 86)
(707, 440) : (132, 79, 88)
(708, 440) : (129, 77, 86)
(709, 440) : (132, 79, 87)
(710, 440) : (130, 78, 85)
(711, 440) : (131, 80, 88)
(712, 440) : (127, 76, 85)
(713, 440) : (115, 69, 79)
(714, 440) : (101, 59, 72)
(715, 440) : (96, 54, 67)
(716, 440) : (99, 56, 69)
(717, 440) : (96, 55, 68)
(718, 440) : (98, 56, 69)
(719, 440) : (99, 56, 72)
(720, 440) : (95, 53, 65)
(721, 440) : (94, 52, 64)
(722, 440) : (94, 52, 63)
(723, 440) : (95, 53, 63)
(724, 440) : (96, 54, 65)
(725, 440) : (104, 59, 72)
(726, 440) : (104, 61, 77)
(727, 440) : (108, 63, 80)
(728, 440) : (107, 63, 81)
(729, 440) : (109, 64, 83)
(730, 440) : (110, 65, 83)
(731, 440) : (111, 65, 83)
(732, 440) : (111, 64, 82)
(733, 440) : (111, 64, 82)
(734, 440) : (110, 63, 81)
(735, 440) : (112, 65, 82)
(736, 440) : (110, 63, 80)
(737, 440) : (111, 64, 80)
(738, 440) : (108, 61, 76)
(739, 440) : (109, 62, 77)
(740, 440) : (109, 62, 77)
(741, 440) : (109, 62, 76)
(742, 440) : (106, 60, 74)
(743, 440) : (104, 59, 72)
(744, 440) : (107, 59, 73)
(745, 440) : (104, 57, 69)
(746, 440) : (106, 58, 69)
(747, 440) : (103, 57, 69)
(748, 440) : (105, 59, 72)
(749, 440) : (106, 60, 72)
(750, 440) : (107, 61, 73)
(751, 440) : (108, 61, 75)
(752, 440) : (112, 64, 77)
(753, 440) : (111, 64, 79)
(754, 440) : (110, 64, 80)
(755, 440) : (112, 66, 83)
(756, 440) : (114, 67, 84)
(757, 440) : (112, 66, 83)
(758, 440) : (111, 65, 82)
(759, 440) : (111, 66, 82)
(760, 440) : (111, 66, 82)
(761, 440) : (111, 66, 82)
(762, 440) : (115, 69, 86)
(763, 440) : (113, 68, 85)
(764, 440) : (111, 67, 85)
(765, 440) : (112, 67, 84)
(766, 440) : (112, 67, 84)
(767, 440) : (112, 67, 83)
(768, 440) : (110, 64, 79)
(769, 440) : (108, 63, 79)
(770, 440) : (104, 60, 73)
(771, 440) : (106, 61, 73)
(772, 440) : (106, 61, 74)
(773, 440) : (107, 62, 74)
(774, 440) : (111, 66, 80)
(775, 440) : (115, 69, 86)
(776, 440) : (118, 71, 88)
(777, 440) : (119, 73, 90)
(778, 440) : (117, 72, 89)
(779, 440) : (113, 69, 86)
(780, 440) : (112, 68, 84)
(781, 440) : (108, 63, 78)
(782, 440) : (107, 62, 74)
(783, 440) : (109, 63, 74)
(784, 440) : (110, 65, 77)
(785, 440) : (112, 66, 80)
(786, 440) : (114, 68, 82)
(787, 440) : (119, 70, 83)
(788, 440) : (123, 73, 81)
(789, 440) : (121, 71, 78)
(790, 440) : (124, 73, 77)
(791, 440) : (124, 75, 82)
(792, 440) : (128, 80, 89)
(793, 440) : (127, 78, 87)
(794, 440) : (122, 72, 78)
(795, 440) : (122, 71, 77)
(796, 440) : (119, 71, 83)
(797, 440) : (116, 67, 80)
(798, 440) : (118, 69, 84)
(799, 440) : (115, 68, 76)
(800, 440) : (115, 68, 75)
(801, 440) : (118, 70, 85)
(802, 440) : (120, 71, 85)
(803, 440) : (120, 71, 84)
(804, 440) : (114, 67, 71)
(805, 440) : (112, 65, 67)
(806, 440) : (115, 66, 67)
(807, 440) : (117, 69, 74)
(808, 440) : (124, 75, 84)
(809, 440) : (125, 76, 85)
(810, 440) : (119, 70, 80)
(811, 440) : (119, 67, 74)
(812, 440) : (117, 69, 76)
(813, 440) : (115, 67, 80)
(814, 440) : (117, 65, 77)
(815, 440) : (117, 65, 75)
(816, 440) : (117, 69, 75)
(817, 440) : (120, 70, 75)
(818, 440) : (117, 66, 75)
(819, 440) : (123, 74, 84)
(820, 440) : (126, 75, 81)
(821, 440) : (127, 77, 84)
(822, 440) : (126, 75, 82)
(823, 440) : (123, 74, 83)
(824, 440) : (117, 67, 76)
(825, 440) : (117, 64, 72)
(826, 440) : (114, 62, 71)
(827, 440) : (117, 63, 70)
(828, 440) : (118, 64, 74)
(829, 440) : (111, 61, 71)
(830, 440) : (107, 60, 67)
(831, 440) : (105, 58, 64)
(832, 440) : (107, 59, 65)
(833, 440) : (105, 58, 63)
(834, 440) : (107, 59, 63)
(835, 440) : (105, 57, 61)
(836, 440) : (108, 59, 63)
(837, 440) : (104, 57, 61)
(838, 440) : (113, 62, 62)
(839, 440) : (140, 90, 88)
(840, 440) : (147, 102, 105)
(841, 440) : (119, 71, 81)
(842, 440) : (113, 66, 77)
(843, 440) : (116, 67, 78)
(844, 440) : (111, 63, 72)
(845, 440) : (110, 62, 69)
(846, 440) : (112, 63, 72)
(847, 440) : (112, 63, 72)
(848, 440) : (112, 63, 70)
(849, 440) : (110, 62, 70)
(850, 440) : (108, 61, 68)
(851, 440) : (111, 63, 72)
(852, 440) : (109, 61, 69)
(853, 440) : (110, 62, 70)
(854, 440) : (112, 63, 72)
(855, 440) : (112, 63, 72)
(856, 440) : (113, 64, 73)
(857, 440) : (112, 63, 73)
(858, 440) : (115, 64, 74)
(859, 440) : (113, 63, 72)
(860, 440) : (111, 61, 70)
(861, 440) : (112, 62, 70)
(862, 440) : (114, 64, 73)
(863, 440) : (114, 63, 71)
(864, 440) : (117, 65, 71)
(865, 440) : (123, 67, 69)
(866, 440) : (135, 80, 80)
(867, 440) : (125, 73, 77)
(868, 440) : (113, 62, 67)
(869, 440) : (116, 64, 70)
(870, 440) : (115, 64, 73)
(871, 440) : (119, 67, 80)
(872, 440) : (122, 71, 83)
(873, 440) : (124, 73, 86)
(874, 440) : (124, 73, 86)
(875, 440) : (128, 75, 88)
(876, 440) : (127, 75, 88)
(877, 440) : (129, 77, 90)
(878, 440) : (131, 78, 92)
(879, 440) : (128, 76, 89)
(880, 440) : (133, 79, 91)
(881, 440) : (152, 100, 104)
(882, 440) : (162, 114, 121)
(883, 440) : (140, 89, 103)
(884, 440) : (129, 77, 92)
(885, 440) : (131, 78, 93)
(886, 440) : (133, 79, 94)
(887, 440) : (129, 76, 90)
(888, 440) : (130, 76, 89)
(889, 440) : (130, 76, 88)
(890, 440) : (129, 75, 87)
(891, 440) : (133, 78, 91)
(892, 440) : (131, 76, 89)
(893, 440) : (133, 78, 90)
(894, 440) : (130, 75, 87)
(895, 440) : (131, 75, 87)
(896, 440) : (131, 75, 86)
(897, 440) : (129, 72, 82)
(898, 440) : (130, 74, 85)
(899, 440) : (134, 77, 87)
(900, 440) : (132, 75, 86)
(901, 440) : (129, 73, 84)
(902, 440) : (131, 74, 85)
(903, 440) : (132, 75, 86)
(904, 440) : (134, 76, 87)
(905, 440) : (131, 72, 80)
(906, 440) : (131, 72, 80)
(907, 440) : (132, 74, 83)
(908, 440) : (130, 71, 77)
(909, 440) : (123, 65, 68)
(910, 440) : (124, 65, 68)
(911, 440) : (126, 66, 70)
(912, 440) : (125, 66, 71)
(913, 440) : (130, 72, 82)
(914, 440) : (136, 76, 87)
(915, 440) : (134, 74, 84)
(916, 440) : (131, 72, 79)
(917, 440) : (130, 70, 76)
(918, 440) : (126, 66, 70)
(919, 440) : (129, 68, 74)
(920, 440) : (130, 70, 76)
(921, 440) : (130, 70, 75)
(922, 440) : (131, 70, 76)
(923, 440) : (130, 69, 75)
(924, 440) : (136, 73, 77)
(925, 440) : (133, 70, 73)
(926, 440) : (130, 67, 69)
(927, 440) : (135, 72, 77)
(928, 440) : (137, 74, 79)
(929, 440) : (142, 77, 84)
(930, 440) : (144, 79, 86)
(931, 440) : (144, 78, 85)
(932, 440) : (143, 78, 83)
(933, 440) : (146, 79, 85)
(934, 440) : (148, 81, 86)
(935, 440) : (145, 78, 84)
(936, 440) : (146, 79, 84)
(937, 440) : (147, 79, 85)
(938, 440) : (147, 79, 83)
(939, 440) : (151, 82, 86)
(940, 440) : (148, 80, 84)
(941, 440) : (152, 82, 85)
(942, 440) : (154, 83, 85)
(943, 440) : (150, 80, 83)
(944, 440) : (152, 80, 83)
(945, 440) : (152, 81, 83)
(946, 440) : (152, 81, 84)
(947, 440) : (155, 83, 87)
(948, 440) : (154, 83, 86)
(949, 440) : (160, 87, 89)
(950, 440) : (161, 86, 87)
(951, 440) : (154, 80, 77)
(952, 440) : (154, 79, 74)
(953, 440) : (154, 79, 72)
(954, 440) : (157, 80, 70)
(955, 440) : (153, 76, 67)
(956, 440) : (150, 75, 65)
(957, 440) : (153, 76, 67)
(958, 440) : (155, 78, 68)
(959, 440) : (156, 78, 68)
(960, 440) : (154, 76, 67)
(961, 440) : (142, 68, 61)
(962, 440) : (139, 65, 59)
(963, 440) : (138, 65, 59)
(964, 440) : (141, 66, 61)
(965, 440) : (139, 64, 59)
(966, 440) : (139, 64, 59)
(967, 440) : (141, 65, 59)
(968, 440) : (142, 66, 60)
(969, 440) : (142, 66, 60)
(970, 440) : (140, 65, 59)
(971, 440) : (144, 67, 61)
(972, 440) : (142, 65, 58)
(973, 440) : (144, 66, 59)
(974, 440) : (143, 65, 58)
(975, 440) : (142, 65, 58)
(976, 440) : (140, 64, 57)
(977, 440) : (139, 63, 57)
(978, 440) : (143, 65, 59)
(979, 440) : (141, 64, 58)
(980, 440) : (143, 66, 59)
(981, 440) : (139, 63, 57)
(982, 440) : (140, 64, 57)
(983, 440) : (141, 65, 58)
(984, 440) : (141, 64, 58)
(985, 440) : (139, 64, 57)
(986, 440) : (143, 66, 58)
(987, 440) : (140, 64, 56)
(988, 440) : (142, 66, 58)
(989, 440) : (139, 64, 56)
(990, 440) : (141, 65, 58)
(991, 440) : (141, 65, 58)
(992, 440) : (143, 67, 59)
(993, 440) : (141, 66, 58)
(994, 440) : (139, 64, 58)
(995, 440) : (141, 66, 59)
(996, 440) : (143, 67, 60)
(997, 440) : (140, 65, 57)
(998, 440) : (140, 66, 57)
(999, 440) : (139, 65, 56)
(1000, 440) : (138, 64, 55)
(1001, 440) : (142, 67, 57)
(1002, 440) : (142, 67, 57)
(1003, 440) : (141, 66, 58)
(1004, 440) : (143, 66, 59)
(1005, 440) : (141, 68, 57)
(1006, 440) : (142, 69, 60)
(1007, 440) : (139, 68, 58)
(1008, 440) : (138, 67, 54)
(1009, 440) : (143, 71, 59)
(1010, 440) : (147, 77, 75)
(1011, 440) : (148, 77, 73)
(1012, 440) : (141, 71, 62)
(1013, 440) : (138, 68, 57)
(1014, 440) : (140, 69, 59)
(1015, 440) : (142, 69, 61)
(1016, 440) : (138, 66, 53)
(1017, 440) : (135, 65, 53)
(1018, 440) : (137, 67, 58)
(1019, 440) : (140, 70, 62)
(1020, 440) : (140, 67, 59)
(1021, 440) : (140, 67, 59)
(1022, 440) : (139, 67, 56)
(1023, 440) : (137, 66, 52)
(1024, 440) : (141, 68, 57)
(1025, 440) : (137, 66, 55)
(1026, 440) : (139, 68, 55)
(1027, 440) : (143, 73, 66)
(1028, 440) : (142, 73, 69)
(1029, 440) : (141, 72, 68)
(1030, 440) : (139, 71, 66)
(1031, 440) : (142, 73, 68)
(1032, 440) : (142, 70, 63)
(1033, 440) : (139, 67, 58)
(1034, 440) : (145, 72, 60)
(1035, 440) : (139, 68, 54)
(1036, 440) : (138, 67, 53)
(1037, 440) : (135, 64, 52)
(1038, 440) : (137, 65, 55)
(1039, 440) : (134, 64, 55)
(1040, 440) : (138, 66, 58)
(1041, 440) : (136, 65, 59)
(1042, 440) : (138, 67, 59)
(1043, 440) : (139, 67, 58)
(1044, 440) : (141, 68, 59)
(1045, 440) : (140, 68, 59)
(1046, 440) : (138, 67, 58)
(1047, 440) : (142, 69, 61)
(1048, 440) : (143, 70, 61)
(1049, 440) : (139, 67, 58)
(1050, 440) : (140, 67, 58)
(1051, 440) : (140, 67, 58)
(1052, 440) : (139, 66, 58)
(1053, 440) : (142, 69, 60)
(1054, 440) : (142, 68, 59)
(1055, 440) : (139, 66, 57)
(1056, 440) : (140, 67, 57)
(1057, 440) : (139, 67, 58)
(1058, 440) : (140, 67, 58)
(1059, 440) : (139, 66, 57)
(1060, 440) : (139, 66, 57)
(1061, 440) : (143, 68, 59)
(1062, 440) : (140, 66, 57)
(1063, 440) : (141, 67, 58)
(1064, 440) : (143, 69, 59)
(1065, 440) : (144, 69, 60)
(1066, 440) : (143, 68, 59)
(1067, 440) : (142, 67, 57)
(1068, 440) : (145, 69, 59)
(1069, 440) : (143, 68, 58)
(1070, 440) : (146, 70, 60)
(1071, 440) : (142, 68, 58)
(1072, 440) : (158, 83, 73)
(1073, 440) : (177, 98, 79)
(1074, 440) : (167, 85, 69)
(1075, 440) : (149, 71, 59)
(1076, 440) : (143, 68, 58)
(1077, 440) : (145, 70, 61)
(1078, 440) : (148, 72, 65)
(1079, 440) : (152, 76, 71)
(1080, 440) : (149, 74, 70)
(1081, 440) : (152, 76, 69)
(1082, 440) : (149, 71, 60)
(1083, 440) : (149, 71, 59)
(1084, 440) : (146, 68, 57)
(1085, 440) : (147, 69, 58)
(1086, 440) : (148, 70, 59)
(1087, 440) : (149, 70, 60)
(1088, 440) : (149, 70, 58)
(1089, 440) : (150, 71, 60)
(1090, 440) : (157, 77, 60)
(1091, 440) : (157, 75, 58)
(1092, 440) : (151, 70, 58)
(1093, 440) : (151, 71, 60)
(1094, 440) : (177, 101, 92)
(1095, 440) : (192, 117, 106)
(1096, 440) : (166, 80, 60)
(1097, 440) : (148, 69, 57)
(1098, 440) : (151, 69, 58)
(1099, 440) : (152, 70, 59)
(1100, 440) : (148, 68, 56)
(1101, 440) : (148, 68, 57)
(1102, 440) : (148, 68, 57)
(1103, 440) : (152, 71, 60)
(1104, 440) : (151, 70, 58)
(1105, 440) : (154, 71, 60)
(1106, 440) : (150, 69, 59)
(1107, 440) : (152, 71, 60)
(1108, 440) : (153, 71, 62)
(1109, 440) : (153, 72, 63)
(1110, 440) : (153, 73, 65)
(1111, 440) : (163, 82, 77)
(1112, 440) : (169, 87, 81)
(1113, 440) : (176, 92, 85)
(1114, 440) : (179, 94, 86)
(1115, 440) : (180, 94, 86)
(1116, 440) : (180, 94, 86)
(1117, 440) : (180, 94, 87)
(1118, 440) : (178, 93, 85)
(1119, 440) : (181, 95, 86)
(1120, 440) : (183, 96, 87)
(1121, 440) : (179, 93, 85)
(1122, 440) : (179, 93, 84)
(1123, 440) : (182, 96, 89)
(1124, 440) : (188, 100, 90)
(1125, 440) : (183, 93, 81)
(1126, 440) : (181, 92, 82)
(1127, 440) : (177, 89, 80)
(1128, 440) : (179, 91, 82)
(1129, 440) : (183, 96, 87)
(1130, 440) : (186, 97, 85)
(1131, 440) : (176, 85, 75)
(1132, 440) : (167, 77, 64)
(1133, 440) : (161, 74, 63)
(1134, 440) : (167, 80, 72)
(1135, 440) : (174, 84, 75)
(1136, 440) : (184, 95, 85)
(1137, 440) : (188, 97, 85)
(1138, 440) : (187, 96, 84)
(1139, 440) : (184, 94, 80)
(1140, 440) : (184, 93, 81)
(1141, 440) : (185, 94, 81)
(1142, 440) : (185, 95, 82)
(1143, 440) : (181, 91, 79)
(1144, 440) : (185, 95, 83)
(1145, 440) : (185, 95, 83)
(1146, 440) : (184, 96, 84)
(1147, 440) : (189, 100, 87)
(1148, 440) : (189, 99, 85)
(1149, 440) : (184, 95, 83)
(1150, 440) : (179, 90, 78)
(1151, 440) : (167, 77, 59)
(1152, 440) : (163, 74, 58)
(1153, 440) : (159, 72, 56)
(1154, 440) : (162, 73, 57)
(1155, 440) : (158, 71, 56)
(1156, 440) : (160, 73, 59)
(1157, 440) : (160, 72, 58)
(1158, 440) : (159, 72, 56)
(1159, 440) : (163, 74, 57)
(1160, 440) : (161, 72, 55)
(1161, 440) : (163, 74, 55)
(1162, 440) : (159, 71, 54)
(1163, 440) : (160, 72, 54)
(1164, 440) : (158, 71, 53)
(1165, 440) : (157, 70, 52)
(1166, 440) : (161, 73, 55)
(1167, 440) : (159, 71, 53)
(1168, 440) : (162, 73, 54)
(1169, 440) : (164, 73, 55)
(1170, 440) : (159, 71, 53)
(1171, 440) : (159, 71, 53)
(1172, 440) : (164, 74, 57)
(1173, 440) : (162, 73, 56)
(1174, 440) : (164, 74, 58)
(1175, 440) : (161, 73, 56)
(1176, 440) : (162, 73, 57)
(1177, 440) : (163, 74, 57)
(1178, 440) : (163, 73, 57)
(1179, 440) : (162, 73, 56)
(1180, 440) : (166, 74, 57)
(1181, 440) : (163, 73, 56)
(1182, 440) : (166, 75, 58)
(1183, 440) : (172, 83, 69)
(1184, 440) : (184, 92, 76)
(1185, 440) : (183, 90, 72)
(1186, 440) : (185, 91, 72)
(1187, 440) : (182, 89, 71)
(1188, 440) : (185, 91, 74)
(1189, 440) : (183, 90, 75)
(1190, 440) : (188, 94, 78)
(1191, 440) : (183, 91, 75)
(1192, 440) : (188, 95, 79)
(1193, 440) : (186, 94, 79)
(1194, 440) : (186, 94, 78)
(1195, 440) : (191, 97, 79)
(1196, 440) : (190, 95, 76)
(1197, 440) : (192, 96, 75)
(1198, 440) : (192, 95, 74)
(1199, 440) : (191, 94, 75)
(1200, 440) : (193, 94, 74)
(1201, 440) : (196, 97, 77)
(1202, 440) : (193, 94, 75)
(1203, 440) : (192, 94, 74)
(1204, 440) : (192, 94, 75)
(1205, 440) : (189, 92, 73)
(1206, 440) : (187, 92, 73)
(1207, 440) : (185, 90, 72)
(1208, 440) : (187, 93, 77)
(1209, 440) : (188, 93, 75)
(1210, 440) : (183, 89, 73)
(1211, 440) : (182, 88, 73)
(1212, 440) : (180, 87, 72)
(1213, 440) : (184, 87, 72)
(1214, 440) : (180, 85, 71)
(1215, 440) : (177, 83, 68)
(1216, 440) : (182, 85, 70)
(1217, 440) : (182, 85, 70)
(1218, 440) : (182, 85, 70)
(1219, 440) : (181, 84, 69)
(1220, 440) : (183, 87, 72)
(1221, 440) : (186, 89, 69)
(1222, 440) : (190, 91, 69)
(1223, 440) : (192, 93, 73)
(1224, 440) : (194, 95, 75)
(1225, 440) : (193, 93, 70)
(1226, 440) : (188, 90, 70)
(1227, 440) : (193, 95, 73)
(1228, 440) : (191, 91, 68)
(1229, 440) : (191, 90, 67)
(1230, 440) : (191, 91, 66)
(1231, 440) : (192, 91, 68)
(1232, 440) : (190, 90, 68)
(1233, 440) : (191, 91, 72)
(1234, 440) : (189, 90, 70)
(1235, 440) : (192, 92, 72)
(1236, 440) : (193, 93, 69)
(1237, 440) : (189, 89, 65)
(1238, 440) : (189, 88, 64)
(1239, 440) : (194, 91, 67)
(1240, 440) : (192, 90, 66)
(1241, 440) : (190, 89, 65)
(1242, 440) : (194, 91, 68)
(1243, 440) : (191, 89, 66)
(1244, 440) : (191, 89, 65)
(1245, 440) : (191, 88, 62)
(1246, 440) : (195, 91, 66)
(1247, 440) : (194, 91, 68)
(1248, 440) : (193, 92, 72)
(1249, 440) : (197, 96, 78)
(1250, 440) : (200, 100, 83)
(1251, 440) : (202, 103, 85)
(1252, 440) : (204, 104, 85)
(1253, 440) : (203, 104, 84)
(1254, 440) : (206, 107, 86)
(1255, 440) : (204, 105, 85)
(1256, 440) : (206, 106, 86)
(1257, 440) : (206, 107, 87)
(1258, 440) : (206, 107, 88)
(1259, 440) : (207, 108, 89)
(1260, 440) : (205, 107, 87)
(1261, 440) : (209, 109, 90)
(1262, 440) : (206, 106, 87)
(1263, 440) : (207, 108, 89)
(1264, 440) : (208, 108, 88)
(1265, 440) : (208, 108, 88)
(1266, 440) : (212, 112, 93)
(1267, 440) : (211, 111, 92)
(1268, 440) : (209, 110, 91)
(1269, 440) : (212, 112, 91)
(1270, 440) : (212, 112, 91)
(1271, 440) : (213, 113, 90)
(1272, 440) : (217, 118, 90)
(1273, 440) : (226, 130, 94)
(1274, 440) : (231, 135, 92)
(1275, 440) : (237, 140, 93)
(1276, 440) : (236, 138, 89)
(1277, 440) : (237, 139, 92)
(1278, 440) : (239, 141, 95)
(1279, 440) : (236, 136, 93)
(1280, 440) : (233, 132, 91)
(1281, 440) : (234, 132, 92)
(1282, 440) : (230, 126, 87)
(1283, 440) : (230, 127, 89)
(1284, 440) : (231, 128, 88)
(1285, 440) : (234, 131, 94)
(1286, 440) : (229, 126, 93)
(1287, 440) : (227, 126, 90)
(1288, 440) : (232, 130, 91)
(1289, 440) : (233, 131, 91)
(1290, 440) : (233, 131, 91)
(1291, 440) : (233, 131, 89)
(1292, 440) : (233, 130, 88)
(1293, 440) : (235, 135, 91)
(1294, 440) : (233, 130, 86)
(1295, 440) : (233, 129, 87)
(1296, 440) : (233, 126, 86)
(1297, 440) : (228, 122, 91)
(1298, 440) : (224, 118, 90)
(1299, 440) : (226, 123, 93)
(1300, 440) : (228, 126, 92)
(1301, 440) : (232, 133, 95)
(1302, 440) : (237, 140, 95)
(1303, 440) : (240, 144, 93)
(1304, 440) : (240, 143, 92)
(1305, 440) : (239, 142, 91)
(1306, 440) : (241, 146, 95)
(1307, 440) : (240, 144, 91)
(1308, 440) : (241, 145, 92)
(1309, 440) : (241, 145, 95)
(1310, 440) : (240, 143, 94)
(1311, 440) : (239, 142, 93)
(1312, 440) : (240, 143, 93)
(1313, 440) : (237, 136, 95)
(1314, 440) : (236, 136, 92)
(1315, 440) : (237, 136, 93)
(1316, 440) : (236, 135, 93)
(1317, 440) : (236, 138, 94)
(1318, 440) : (237, 138, 94)
(1319, 440) : (237, 139, 104)
(1320, 440) : (232, 133, 103)
(1321, 440) : (221, 118, 86)
(1322, 440) : (219, 115, 88)
(1323, 440) : (220, 118, 95)
(1324, 440) : (224, 123, 97)
(1325, 440) : (222, 118, 88)
(1326, 440) : (222, 117, 83)
(1327, 440) : (223, 115, 81)
(1328, 440) : (218, 111, 76)
(1329, 440) : (222, 119, 92)
(1330, 440) : (223, 128, 106)
(1331, 440) : (224, 120, 79)
(1332, 440) : (221, 114, 79)
(1333, 440) : (216, 110, 77)
(1334, 440) : (217, 111, 77)
(1335, 440) : (217, 111, 77)
(1336, 440) : (217, 110, 76)
(1337, 440) : (219, 111, 78)
(1338, 440) : (221, 114, 80)
(1339, 440) : (217, 111, 77)
(1340, 440) : (218, 112, 78)
(1341, 440) : (219, 115, 86)
(1342, 440) : (220, 120, 90)
(1343, 440) : (221, 118, 84)
(1344, 440) : (222, 118, 82)
(1345, 440) : (218, 115, 84)
(1346, 440) : (222, 121, 90)
(1347, 440) : (223, 122, 90)
(1348, 440) : (223, 121, 88)
(1349, 440) : (222, 122, 89)
(1350, 440) : (221, 120, 86)
(1351, 440) : (222, 121, 88)
(1352, 440) : (222, 119, 82)
(1353, 440) : (217, 112, 76)
(1354, 440) : (215, 112, 78)
(1355, 440) : (219, 116, 83)
(1356, 440) : (216, 112, 77)
(1357, 440) : (215, 111, 77)
(1358, 440) : (216, 112, 79)
(1359, 440) : (217, 113, 78)
(1360, 440) : (218, 113, 78)
(1361, 440) : (217, 112, 77)
(1362, 440) : (216, 111, 77)
(1363, 440) : (216, 112, 76)
(1364, 440) : (218, 113, 79)
(1365, 440) : (220, 115, 79)
(1366, 440) : (220, 115, 79)
(1367, 440) : (220, 115, 79)
(1368, 440) : (221, 120, 86)
(1369, 440) : (227, 128, 88)
(1370, 440) : (233, 133, 90)
(1371, 440) : (234, 134, 92)
(1372, 440) : (232, 132, 91)
(1373, 440) : (232, 132, 92)
(1374, 440) : (235, 136, 95)
(1375, 440) : (234, 135, 94)
(1376, 440) : (236, 137, 95)
(1377, 440) : (234, 134, 92)
(1378, 440) : (234, 135, 93)
(1379, 440) : (234, 135, 95)
(1380, 440) : (234, 134, 94)
(1381, 440) : (236, 137, 96)
(1382, 440) : (234, 134, 92)
(1383, 440) : (236, 135, 93)
(1384, 440) : (236, 136, 94)
(1385, 440) : (237, 136, 94)
(1386, 440) : (236, 135, 93)
(1387, 440) : (235, 134, 92)
(1388, 440) : (237, 136, 94)
(1389, 440) : (236, 135, 93)
(1390, 440) : (237, 136, 91)
(1391, 440) : (237, 136, 94)
(1392, 440) : (237, 135, 91)
(1393, 440) : (235, 134, 90)
(1394, 440) : (237, 136, 92)
(1395, 440) : (238, 138, 94)
(1396, 440) : (236, 134, 90)
(1397, 440) : (236, 135, 90)
(1398, 440) : (237, 136, 91)
(1399, 440) : (236, 134, 92)
(1400, 440) : (238, 137, 94)
(1401, 440) : (236, 134, 92)
(1402, 440) : (236, 135, 100)
(1403, 440) : (234, 135, 95)
(1404, 440) : (235, 135, 93)
(1405, 440) : (236, 135, 90)
(1406, 440) : (238, 138, 92)
(1407, 440) : (236, 135, 92)
(1408, 440) : (237, 136, 93)
(1409, 440) : (237, 136, 93)
(1410, 440) : (237, 136, 93)
(1411, 440) : (236, 139, 106)
(1412, 440) : (237, 145, 115)
(1413, 440) : (236, 140, 99)
(1414, 440) : (236, 144, 120)
(1415, 440) : (237, 152, 127)
(1416, 440) : (238, 146, 98)
(1417, 440) : (237, 137, 91)
(1418, 440) : (236, 134, 90)
(1419, 440) : (237, 136, 92)
(1420, 440) : (238, 137, 93)
(1421, 440) : (238, 138, 93)
(1422, 440) : (238, 137, 92)
(1423, 440) : (238, 136, 90)
(1424, 440) : (237, 134, 88)
(1425, 440) : (238, 136, 89)
(1426, 440) : (236, 132, 84)
(1427, 440) : (236, 132, 84)
(1428, 440) : (236, 131, 84)
(1429, 440) : (235, 130, 82)
(1430, 440) : (237, 133, 86)
(1431, 440) : (235, 131, 85)
(1432, 440) : (237, 134, 85)
(1433, 440) : (238, 134, 85)
(1434, 440) : (236, 132, 85)
(1435, 440) : (236, 131, 84)
(1436, 440) : (234, 130, 84)
(1437, 440) : (236, 131, 85)
(1438, 440) : (233, 128, 84)
(1439, 440) : (233, 129, 84)
(1440, 440) : (233, 129, 83)
(1441, 440) : (232, 128, 83)
(1442, 440) : (236, 131, 85)
(1443, 440) : (234, 129, 83)
(1444, 440) : (235, 131, 85)
(1445, 440) : (235, 132, 85)
(1446, 440) : (236, 132, 85)
(1447, 440) : (235, 131, 85)
(1448, 440) : (233, 130, 90)
(1449, 440) : (233, 133, 94)
(1450, 440) : (230, 130, 84)
(1451, 440) : (233, 130, 84)
(1452, 440) : (234, 130, 84)
(1453, 440) : (233, 130, 83)
(1454, 440) : (232, 128, 82)
(1455, 440) : (234, 130, 85)
(1456, 440) : (235, 132, 86)
(1457, 440) : (231, 128, 83)
(1458, 440) : (232, 128, 83)
(1459, 440) : (235, 133, 86)
(1460, 440) : (234, 131, 85)
(1461, 440) : (232, 129, 85)
(1462, 440) : (234, 131, 86)
(1463, 440) : (235, 132, 87)
(1464, 440) : (235, 132, 87)
(1465, 440) : (234, 131, 86)
(1466, 440) : (233, 130, 85)
(1467, 440) : (234, 132, 86)
(1468, 440) : (232, 129, 84)
(1469, 440) : (233, 130, 85)
(1470, 440) : (233, 130, 85)
(1471, 440) : (232, 129, 85)
(1472, 440) : (234, 132, 92)
(1473, 440) : (231, 130, 88)
(1474, 440) : (233, 133, 89)
(1475, 440) : (235, 134, 91)
(1476, 440) : (235, 133, 89)
(1477, 440) : (235, 132, 87)
(1478, 440) : (233, 131, 91)
(1479, 440) : (235, 134, 92)
(1480, 440) : (232, 129, 89)
(1481, 440) : (232, 130, 95)
(1482, 440) : (233, 132, 90)
(1483, 440) : (231, 128, 88)
(1484, 440) : (234, 131, 90)
(1485, 440) : (232, 129, 90)
(1486, 440) : (233, 131, 92)
(1487, 440) : (234, 132, 98)
(1488, 440) : (234, 134, 98)
(1489, 440) : (234, 133, 93)
(1490, 440) : (232, 129, 92)
(1491, 440) : (230, 127, 90)
(1492, 440) : (231, 128, 92)
(1493, 440) : (231, 129, 91)
(1494, 440) : (232, 130, 89)
(1495, 440) : (232, 130, 87)
(1496, 440) : (235, 133, 89)
(1497, 440) : (234, 131, 85)
(1498, 440) : (235, 132, 87)
(1499, 440) : (236, 133, 87)
(1500, 440) : (236, 133, 87)
(1501, 440) : (236, 132, 87)
(1502, 440) : (237, 134, 88)
(1503, 440) : (235, 132, 86)
(1504, 440) : (236, 133, 87)
(1505, 440) : (237, 134, 88)
(1506, 440) : (237, 135, 91)
(1507, 440) : (237, 137, 95)
(1508, 440) : (237, 136, 91)
(1509, 440) : (237, 135, 96)
(1510, 440) : (233, 132, 97)
(1511, 440) : (234, 133, 98)
(1512, 440) : (234, 134, 99)
(1513, 440) : (237, 138, 99)
(1514, 440) : (237, 138, 95)
(1515, 440) : (239, 144, 107)
(1516, 440) : (238, 146, 102)
(1517, 440) : (239, 144, 91)
(1518, 440) : (239, 140, 93)
(1519, 440) : (240, 142, 94)
(1520, 440) : (239, 140, 95)
(1521, 440) : (239, 135, 85)
(1522, 440) : (225, 117, 82)
(1523, 440) : (219, 122, 91)
(1524, 440) : (229, 135, 96)
(1525, 440) : (239, 135, 79)
(1526, 440) : (226, 114, 74)
(1527, 440) : (218, 113, 81)
(1528, 440) : (221, 122, 93)
(1529, 440) : (233, 128, 83)
(1530, 440) : (222, 116, 83)
(1531, 440) : (218, 116, 82)
(1532, 440) : (219, 118, 84)
(1533, 440) : (222, 121, 87)
(1534, 440) : (226, 120, 85)
(1535, 440) : (219, 111, 72)
(1536, 440) : (213, 104, 64)
(1537, 440) : (207, 99, 65)
(1538, 440) : (209, 103, 74)
(1539, 440) : (213, 110, 81)
(1540, 440) : (212, 107, 66)
(1541, 440) : (208, 102, 75)
(1542, 440) : (207, 106, 77)
(1543, 440) : (214, 113, 83)
(1544, 440) : (215, 113, 82)
(1545, 440) : (214, 109, 75)
(1546, 440) : (213, 106, 70)
(1547, 440) : (210, 109, 85)
(1548, 440) : (218, 120, 83)
(1549, 440) : (223, 121, 82)
(1550, 440) : (216, 113, 80)
(1551, 440) : (217, 117, 87)
(1552, 440) : (225, 132, 99)
(1553, 440) : (237, 145, 98)
(1554, 440) : (241, 140, 83)
(1555, 440) : (232, 120, 74)
(1556, 440) : (221, 113, 80)
(1557, 440) : (220, 120, 91)
(1558, 440) : (229, 137, 102)
(1559, 440) : (240, 149, 99)
(1560, 440) : (241, 148, 98)
(1561, 440) : (241, 143, 92)
(1562, 440) : (238, 140, 101)
(1563, 440) : (239, 146, 98)
(1564, 440) : (241, 147, 99)
(1565, 440) : (241, 146, 98)
(1566, 440) : (243, 150, 101)
(1567, 440) : (242, 148, 100)
(1568, 440) : (243, 150, 101)
(1569, 440) : (241, 144, 96)
(1570, 440) : (239, 141, 98)
(1571, 440) : (238, 141, 100)
(1572, 440) : (238, 142, 99)
(1573, 440) : (241, 148, 101)
(1574, 440) : (243, 151, 103)
(1575, 440) : (241, 147, 99)
(1576, 440) : (241, 147, 99)
(1577, 440) : (243, 152, 103)
(1578, 440) : (243, 150, 102)
(1579, 440) : (242, 147, 99)
(1580, 440) : (243, 150, 101)
(1581, 440) : (243, 151, 102)
(1582, 440) : (243, 150, 102)
(1583, 440) : (242, 149, 101)
(1584, 440) : (242, 148, 99)
(1585, 440) : (243, 150, 101)
(1586, 440) : (243, 152, 102)
(1587, 440) : (244, 152, 103)
(1588, 440) : (244, 152, 103)
(1589, 440) : (243, 152, 102)
(1590, 440) : (242, 150, 100)
(1591, 440) : (243, 152, 102)
(1592, 440) : (243, 153, 103)
(1593, 440) : (243, 154, 105)
(1594, 440) : (244, 147, 89)
(1595, 440) : (236, 121, 96)
(1596, 440) : (216, 107, 97)
(1597, 440) : (219, 127, 104)
(1598, 440) : (238, 153, 112)
(1599, 440) : (242, 157, 116)
(1600, 440) : (242, 158, 108)
(1601, 440) : (242, 155, 106)
(1602, 440) : (244, 159, 111)
(1603, 440) : (243, 156, 103)
(1604, 440) : (243, 151, 106)
(1605, 440) : (241, 145, 99)
(1606, 440) : (236, 133, 94)
(1607, 440) : (235, 130, 84)
(1608, 440) : (227, 116, 79)
(1609, 440) : (225, 116, 80)
(1610, 440) : (224, 116, 80)
(1611, 440) : (224, 116, 79)
(1612, 440) : (223, 115, 79)
(1613, 440) : (225, 117, 80)
(1614, 440) : (222, 114, 78)
(1615, 440) : (223, 116, 79)
(1616, 440) : (223, 116, 79)
(1617, 440) : (223, 115, 79)
(1618, 440) : (222, 114, 78)
(1619, 440) : (224, 117, 80)
(1620, 440) : (221, 114, 77)
(1621, 440) : (222, 115, 78)
(1622, 440) : (222, 115, 78)
(1623, 440) : (226, 118, 81)
(1624, 440) : (224, 117, 81)
(1625, 440) : (222, 114, 79)
(1626, 440) : (223, 116, 81)
(1627, 440) : (224, 117, 83)
(1628, 440) : (224, 123, 96)
(1629, 440) : (231, 145, 113)
(1630, 440) : (243, 172, 116)
(1631, 440) : (246, 172, 113)
(1632, 440) : (247, 173, 115)
(1633, 440) : (247, 173, 115)
(1634, 440) : (247, 173, 115)
(1635, 440) : (246, 170, 115)
(1636, 440) : (246, 169, 111)
(1637, 440) : (243, 151, 90)
(1638, 440) : (237, 126, 82)
(1639, 440) : (223, 115, 82)
(1640, 440) : (218, 116, 83)
(1641, 440) : (224, 124, 90)
(1642, 440) : (224, 121, 83)
(1643, 440) : (222, 116, 83)
(1644, 440) : (219, 116, 84)
(1645, 440) : (219, 116, 84)
(1646, 440) : (217, 116, 83)
(1647, 440) : (215, 114, 82)
(1648, 440) : (216, 116, 84)
(1649, 440) : (216, 116, 84)
(1650, 440) : (216, 116, 85)
(1651, 440) : (215, 116, 85)
(1652, 440) : (214, 115, 84)
(1653, 440) : (216, 117, 86)
(1654, 440) : (213, 114, 84)
(1655, 440) : (213, 115, 85)
(1656, 440) : (213, 115, 85)
(1657, 440) : (212, 115, 87)
(1658, 440) : (210, 114, 86)
(1659, 440) : (213, 116, 88)
(1660, 440) : (214, 118, 90)
(1661, 440) : (210, 115, 87)
(1662, 440) : (215, 119, 91)
(1663, 440) : (214, 118, 90)
(1664, 440) : (212, 116, 89)
(1665, 440) : (212, 116, 89)
(1666, 440) : (213, 118, 91)
(1667, 440) : (214, 119, 91)
(1668, 440) : (213, 118, 91)
(1669, 440) : (212, 117, 89)
(1670, 440) : (215, 120, 93)
(1671, 440) : (212, 117, 89)
(1672, 440) : (214, 118, 90)
(1673, 440) : (214, 118, 90)
(1674, 440) : (214, 118, 89)
(1675, 440) : (215, 118, 77)
(1676, 440) : (210, 112, 81)
(1677, 440) : (209, 115, 83)
(1678, 440) : (212, 115, 75)
(1679, 440) : (209, 111, 78)
(1680, 440) : (205, 110, 79)
(1681, 440) : (209, 115, 80)
(1682, 440) : (208, 112, 75)
(1683, 440) : (208, 111, 82)
(1684, 440) : (210, 116, 82)
(1685, 440) : (209, 109, 82)
(1686, 440) : (206, 106, 79)
(1687, 440) : (208, 109, 82)
(1688, 440) : (209, 111, 83)
(1689, 440) : (205, 106, 80)
(1690, 440) : (205, 106, 81)
(1691, 440) : (207, 109, 81)
(1692, 440) : (211, 113, 81)
(1693, 440) : (208, 112, 87)
(1694, 440) : (210, 114, 88)
(1695, 440) : (211, 115, 89)
(1696, 440) : (210, 117, 96)
(1697, 440) : (212, 121, 93)
(1698, 440) : (213, 118, 84)
(1699, 440) : (210, 110, 86)
(1700, 440) : (207, 110, 82)
(1701, 440) : (202, 104, 77)
(1702, 440) : (205, 106, 79)
(1703, 440) : (203, 104, 77)
(1704, 440) : (200, 101, 75)
(1705, 440) : (201, 103, 77)
(1706, 440) : (202, 104, 77)
(1707, 440) : (202, 103, 76)
(1708, 440) : (201, 104, 74)
(1709, 440) : (205, 111, 85)
(1710, 440) : (204, 113, 90)
(1711, 440) : (208, 116, 89)
(1712, 440) : (208, 115, 83)
(1713, 440) : (207, 111, 76)
(1714, 440) : (204, 109, 87)
(1715, 440) : (208, 116, 88)
(1716, 440) : (206, 111, 79)
(1717, 440) : (207, 109, 81)
(1718, 440) : (207, 110, 84)
(1719, 440) : (207, 113, 87)
(1720, 440) : (213, 121, 87)
(1721, 440) : (209, 115, 84)
(1722, 440) : (208, 114, 85)
(1723, 440) : (208, 115, 87)
(1724, 440) : (208, 115, 87)
(1725, 440) : (209, 115, 86)
(1726, 440) : (214, 118, 84)
(1727, 440) : (212, 118, 85)
(1728, 440) : (214, 120, 80)
(1729, 440) : (213, 113, 80)
(1730, 440) : (211, 111, 81)
(1731, 440) : (214, 116, 92)
(1732, 440) : (213, 119, 90)
(1733, 440) : (216, 121, 93)
(1734, 440) : (217, 122, 91)
(1735, 440) : (219, 125, 88)
(1736, 440) : (220, 127, 90)
(1737, 440) : (218, 126, 93)
(1738, 440) : (218, 123, 91)
(1739, 440) : (218, 125, 89)
(1740, 440) : (220, 125, 90)
(1741, 440) : (220, 125, 89)
(1742, 440) : (220, 124, 88)
(1743, 440) : (222, 126, 91)
(1744, 440) : (219, 123, 88)
(1745, 440) : (219, 123, 89)
(1746, 440) : (220, 124, 90)
(1747, 440) : (223, 128, 93)
(1748, 440) : (222, 127, 92)
(1749, 440) : (224, 128, 92)
(1750, 440) : (220, 124, 88)
(1751, 440) : (220, 124, 88)
(1752, 440) : (224, 128, 91)
(1753, 440) : (223, 127, 89)
(1754, 440) : (221, 125, 88)
(1755, 440) : (223, 128, 89)
(1756, 440) : (225, 128, 90)
(1757, 440) : (225, 128, 90)
(1758, 440) : (224, 127, 90)
(1759, 440) : (226, 130, 92)
